Sample_2	Sample_22	Sample_23	Sample_24	Sample_25	Sample_26	Sample_27	Sample_28	Sample_29	Sample_3	Sample_30	Sample_31	Sample_32	Sample_33	Sample_34	Sample_35	Sample_36	Sample_37	Sample_38	Sample_39	Sample_4	Sample_40	Sample_41	Sample_42	Sample_44	Sample_45	Sample_46	Sample_47	Sample_48	Sample_5	Sample_50	Sample_51	Sample_52	Sample_53	Sample_54	Sample_56	Sample_7	Sample_8	Sample_9	taxID
                      Capnocytophaga sp. FDAARGOS_737	580	623	0	558	0	303	1517	281	0	0	0	376	0	0	0	400	256	2306	0	438	328	0	611	0	4144	4432	3797	416	0	2695	877	0	0	335	1538	0	0	2322	697	2545799
                      Capnocytophaga sp. oral taxon 323	0	262	1121	688	1175	624	771	483	541	596	0	875	1772	0	312	0	406	9574	0	1466	1357	4323	453	750	0	506	5174	402	0	4525	644	658	677	373	2082	1197	1188	3502	4437	1705617
                      Capnocytophaga sp. oral taxon 864	202	304	1404	827	1379	662	832	543	508	523	0	969	1802	0	333	0	434	9377	0	1444	1557	4267	529	708	0	473	6739	501	0	4186	583	723	647	350	1970	1089	1142	3549	4298	1316593
                      Capnocytophaga sp. oral taxon 878	0	0	0	727	0	0	559	0	0	0	0	0	0	0	0	801	0	2637	0	0	0	0	0	0	319	479	581	0	0	445	0	0	0	222	0	0	0	461	386	1316596
                      Gemella sp. oral taxon 928	544	0	0	414	238	0	671	879	228	914	0	0	0	228	227	0	0	0	0	0	258	0	257	0	0	316	247	492	0	0	229	0	0	0	0	0	0	0	0	1785995
                      Prevotella sp. oral taxon 299	0	0	0	211	0	0	235	0	264	0	0	0	0	0	0	799	0	0	219	0	209	275	0	0	646	327	877	339	325	205	606	0	0	0	311	0	0	301	0	652716
                      Tannerella sp. oral taxon HOT-286	1126	21426	13266	7204	1342	0	9238	29936	78364	19022	1591	43860	86582	9304	45831	494	17349	814	3051	10154	50993	14265	74104	21642	504	10594	3000	39729	528	591	62978	14650	15060	3645	44057	2303	44693	68919	11659	712710
                    Actinobaculum sp. 313	0	0	0	0	315	0	0	0	0	0	0	0	0	0	0	0	0	0	0	257	0	875	0	0	310	0	0	0	0	0	0	0	0	0	0	223	0	0	0	2495645
                    Actinomyces sp. 2129	328	250	511	1233	2282	542	545	389	995	539	0	2258	916	301	574	0	551	986	212	1315	1036	1851	314	563	1023	336	1674	419	272	3246	0	547	429	617	786	5775	1804	651	994	2321394
                    Actinomyces sp. 299	459	362	732	1374	3802	976	688	683	2480	676	0	5081	1333	431	781	0	643	2479	200	2176	1632	3538	385	647	2606	985	2683	444	443	7349	215	607	792	583	1057	9610	3060	1017	1803	2057743
                    Actinomyces sp. 432	600	480	740	2099	3674	1205	939	609	1703	1032	0	4089	1890	506	1251	0	1059	2414	413	2412	1835	3065	371	892	1722	600	3063	744	629	5860	319	960	900	1053	1601	9472	3427	952	1753	2057798
                    Actinomyces sp. Chiba101	916	655	2849	9522	8368	2031	2525	5771	6786	2605	248	5983	2712	797	1753	207	1351	4436	497	3344	3376	4821	803	1485	2940	1233	4780	989	1572	9474	494	1433	7432	1173	5356	13846	4799	2025	2911	1851395
                    Actinomyces sp. dk561	723	533	890	2479	4676	1526	1157	772	1921	1210	389	4595	2044	607	1551	0	1252	2254	556	2661	2240	3490	545	1040	1806	715	3851	1025	760	7272	362	1285	973	1005	1793	12076	4315	1078	1898	2560010
                    Actinomyces sp. oral taxon 171	1778	4712	13930	27230	98701	4692	9196	10582	19344	3659	1166	21108	18055	1475	5315	3381	6372	16907	1227	23675	19266	70568	13192	12125	51852	8292	18828	1440	1748	63264	2772	2358	4797	6670	14969	167954	19645	24865	23949	706438
                    Actinomyces sp. oral taxon 414	259746	196274	191500	591248	145290	786431	125801	90534	286087	331110	6752	215028	0	245105	659513	1883	613178	69974	194793	0	482159	69732	130473	487793	15897	48413	143884	244769	141530	318365	162661	265532	158212	43740	565998	88766	952715	312048	186856	712122
                    Actinomyces sp. oral taxon 848	360	441	17419	4709	265501	2014	1732	11724	28693	1559	1229	10431	487	445	3667	2179	921	91095	448	4730	3475	115658	26256	0	4927	5153	2673	3404	3925	2169	2884	4125	29795	46752	5244	7960	860	66792	31379	649739
                    Actinomyces sp. oral taxon 897	41043	228533	23691	78818	15005	149076	101615	44727	16877	189287	6355	34801	156493	265636	29307	322	0	6114	3084	10873	87246	16258	1818	5311	4828	56813	500151	313316	48110	24941	157629	110625	3191	1884	237035	20868	23603	34215	91578	2081702
                    Actinomyces sp. Z16	295	200	278	963	1676	554	380	277	680	441	0	1837	870	249	674	0	506	842	200	1126	745	1312	0	448	702	289	1171	312	278	2349	0	384	354	408	756	4772	1560	439	715	2079536
                    Aeromicrobium sp. MF47	0	0	0	0	0	0	0	0	0	0	0	0	0	0	0	0	0	0	0	0	0	0	0	0	0	0	0	0	0	0	0	0	0	0	0	293	0	0	0	2662028
                    Agrococcus sp. SGAir0287	0	0	0	0	0	0	0	0	0	0	0	0	0	0	0	0	0	0	0	0	0	0	0	0	0	0	0	0	0	0	0	0	0	0	0	0	0	0	216	2070347
                    Arsenicicoccus sp. oral taxon 190	0	0	0	0	0	0	0	0	0	0	0	0	0	0	0	0	0	0	0	0	0	298	0	0	0	0	0	0	0	0	0	0	0	0	0	269	0	0	375	1658671
                    Arthrobacter sp. 24S4-2	0	0	0	0	0	0	0	0	0	0	0	0	0	0	0	0	0	0	0	0	0	0	0	0	0	0	0	0	0	0	0	0	0	0	0	201	0	0	0	2575374
                    Arthrobacter sp. PAMC 25486	0	0	0	0	0	0	0	0	0	0	0	0	0	0	0	0	0	251	0	0	0	0	0	0	0	0	0	0	0	0	0	0	0	0	0	0	0	0	0	1494608
                    Arthrobacter sp. PM3	0	0	0	0	0	0	0	0	0	0	0	0	0	0	0	0	0	0	0	0	0	0	0	0	0	0	0	0	0	0	0	0	0	0	0	249	0	0	0	2017685
                    Arthrobacter sp. U41	0	0	0	0	0	0	0	0	0	0	0	0	0	0	0	0	0	262	0	0	0	0	0	0	0	0	0	0	0	0	0	0	0	0	0	0	0	0	0	1849032
                    Bacteroides heparinolyticus	1359	0	0	0	0	0	0	0	0	0	0	0	0	0	0	0	0	0	0	0	0	0	0	0	0	0	0	304	0	0	0	211	0	0	0	0	0	0	0	28113
                    Bacteroides zoogleoformans	214	0	0	0	0	0	206	0	0	0	0	0	0	359	394	0	0	0	0	0	0	0	0	0	0	0	0	0	0	0	0	583	0	0	0	0	0	0	0	28119
                    Bergeyella cardium	0	0	0	0	0	0	0	0	0	0	0	0	0	0	0	851	0	0	0	0	0	0	0	0	0	0	0	0	0	0	0	0	0	0	0	0	0	0	0	1585976
                    Blautia sp. SC05B48	0	0	0	0	0	0	0	0	0	247	0	0	0	0	0	0	0	0	0	0	0	0	0	0	0	0	0	0	0	0	0	0	0	0	0	0	0	0	0	2479767
                    Brachybacterium sp. P6-10-X1	0	0	0	0	0	0	0	0	0	0	0	223	0	0	0	0	0	0	0	0	0	257	0	0	0	0	0	0	0	221	0	0	0	0	0	423	0	0	269	1903186
                    Brachybacterium sp. SGAir0954	0	0	0	0	225	0	0	0	0	0	0	0	0	0	0	0	0	0	0	0	0	322	0	0	0	0	0	0	0	0	0	0	0	0	0	433	0	0	359	2571029
                    Brachybacterium sp. VM2412	0	0	0	0	0	0	0	0	0	0	0	0	0	0	0	0	0	0	0	0	0	0	0	0	0	0	0	0	0	206	0	0	0	0	0	0	0	0	0	2017484
                    Brachybacterium sp. VR2415	0	0	0	0	0	0	0	0	0	0	0	0	0	0	0	0	0	272	0	0	0	0	0	0	0	0	0	0	0	0	0	0	0	0	0	0	0	0	0	2017485
                    Brevibacterium sp. CS2	0	0	0	0	0	0	0	0	0	0	0	0	0	0	0	0	0	0	0	0	0	203	0	0	0	0	0	0	0	0	0	0	0	0	0	0	0	0	278	2575923
                    Capnocytophaga endodontalis	272	242	602	872	667	647	730	264	221	0	0	592	346	0	0	374	0	9082	0	306	1610	1345	343	222	0	665	1357	232	0	2262	794	510	0	357	811	389	0	1871	1084	2708117
                    Capnocytophaga gingivalis	0	355	257	819	1290	558	6182	277	285	0	726	405	0	0	0	5772	0	42304	0	230	468	815	216	509	0	2218	4199	0	0	4139	501	408	0	757	652	1925	0	4334	3204	1017
                    Capnocytophaga haemolytica	0	0	0	0	0	0	0	0	0	0	0	0	0	0	0	0	0	218	0	0	0	0	0	0	0	0	0	0	0	0	0	0	0	0	0	0	0	0	0	45243
                    Capnocytophaga leadbetteri	660	740	0	562	0	337	1640	366	0	0	0	365	224	0	0	465	261	2260	0	439	305	0	738	0	3841	4323	3880	446	0	3078	976	0	0	334	1231	0	0	2549	542	327575
                    Capnocytophaga ochracea	0	209	872	559	796	738	664	383	357	323	0	532	1217	0	286	0	279	6989	0	1006	886	3306	377	462	0	421	4437	302	0	3483	443	560	567	270	1472	869	835	2449	3003	1018
                    Capnocytophaga sputigena	929	593	1936	3198	2249	2083	3291	496	1017	264	0	845	676	0	0	1876	312	33842	0	505	1209	1623	491	1337	260	5543	3238	533	0	8922	1199	1260	265	1138	955	505	340	4194	2813	1019
                    Cellulomonas sp. H30R-01	0	0	0	0	0	0	0	0	0	0	0	0	0	0	0	0	0	0	0	0	0	292	0	0	0	0	0	0	0	0	0	0	0	0	0	486	0	0	441	2704467
                    Cellulomonas sp. JZ18	0	0	0	0	0	0	0	0	0	0	0	0	0	0	0	0	0	0	0	0	0	0	0	0	0	0	0	0	0	0	0	0	0	0	0	236	0	0	226	2654191
                    Cellulomonas sp. PSBB021	0	0	0	0	0	0	0	0	0	0	0	0	0	0	0	0	0	0	0	0	0	0	0	0	0	0	0	0	0	0	0	0	0	0	0	214	0	0	0	2003551
                    Cellulomonas sp. Y8	0	0	0	0	0	0	0	0	0	0	0	0	0	0	0	0	0	0	0	0	0	237	0	0	0	0	0	0	0	289	0	0	0	0	0	265	0	0	0	2591145
                    Christensenella sp. Marseille-P3954	0	0	0	0	0	0	0	0	0	0	0	0	0	0	423	0	0	0	0	0	0	0	0	0	0	0	0	0	0	0	0	0	0	0	0	0	0	0	0	2086585
                    Coprococcus sp. ART55/1	0	0	0	0	0	0	0	478	0	0	0	0	0	0	0	0	0	0	0	0	0	0	0	0	0	0	0	322	0	0	0	0	255	0	0	0	0	0	0	751585
                    Corynebacterium sp. 2039	0	0	0	0	0	0	0	0	0	0	0	0	0	0	0	0	0	0	0	0	0	0	0	0	0	0	0	0	0	0	0	0	0	0	0	232	0	0	0	2675219
                    Cryobacterium sp. LW097	0	0	0	0	0	0	0	0	0	0	0	0	0	0	0	0	0	0	0	0	0	0	0	0	0	0	0	0	0	0	0	0	0	0	0	220	0	0	0	1978566
                    Flaviflexus sp. H23T48	0	0	0	0	0	0	0	0	0	0	0	0	0	0	0	0	0	0	0	0	0	216	0	0	0	0	0	0	0	0	0	0	0	0	0	0	0	0	274	2496867
                    Gemella haemolysans	10668	230	290	4586	2728	1538	3384	0	1139	2520	214	313	202	0	273	8673	0	0	999	0	288	1488	299	0	738	845	2445	0	890	0	0	0	664	816	305	290	0	1730	567	1379
                    Gemella morbillorum	132003	7277	14594	167177	4306	27803	78793	2442	32485	13377	2125	7170	8315	9209	17316	4728	3962	0	1582	929	25397	1893	3341	7403	247	78135	34476	8839	1092	0	5658	2606	1677	676	5528	286	842	63616	15930	29391
                    Gemella sanguinis	3621	0	0	2542	339	709	1353	0	467	565	380	0	0	0	356	30236	0	0	0	0	363	223	0	0	563	1042	675	0	0	0	454	0	0	0	0	0	0	952	573	84135
                    Georgenia sp. Z294	0	0	0	0	403	0	0	0	0	0	0	478	0	0	0	0	0	0	0	313	0	771	0	0	353	0	343	0	0	574	0	0	0	0	0	842	242	0	847	2585135
                    Georgenia sp. Z443	0	0	0	0	475	0	0	0	0	0	0	474	0	0	0	0	0	0	0	266	0	660	0	0	291	0	392	0	0	544	0	0	0	0	0	1043	279	0	818	2589797
                    Georgenia sp. ZLJ0423	0	0	0	0	347	0	0	0	0	0	0	317	0	0	0	0	0	0	0	203	0	527	0	0	263	0	301	0	0	470	0	0	0	0	0	802	0	0	568	2483799
                    Haloactinobacterium sp. HY164	0	0	0	0	0	0	0	0	0	0	0	210	0	0	0	0	0	0	0	0	0	264	0	0	0	0	0	0	0	297	0	0	0	0	0	354	0	0	310	2675754
                    Lachnoclostridium sp. YL32	0	0	0	0	0	0	0	0	201	340	0	0	0	0	0	0	0	0	0	0	0	0	0	0	0	0	0	486	0	0	0	0	603	0	0	0	0	0	0	1834196
                    Lactobacillus paracasei	0	0	0	0	0	0	0	0	0	0	0	0	0	0	0	0	0	0	251	0	0	0	0	0	0	0	0	0	0	0	0	0	0	0	0	0	0	0	0	1597
                    Leucobacter sp. DSM 101948	0	0	0	0	0	0	0	0	0	0	0	0	0	0	0	0	0	0	0	0	0	0	0	0	0	0	0	0	0	0	0	0	0	0	0	201	0	0	0	1935379
                    Microbacterium sp. L-031	0	0	0	0	0	0	0	0	0	0	0	0	0	0	0	0	0	213	0	0	0	0	0	0	0	0	0	0	0	0	0	0	0	0	0	0	0	0	0	2614639
                    Microlunatus sp. KUDC0627	0	0	0	0	0	0	0	0	0	0	0	0	0	0	0	0	0	0	0	0	0	0	0	0	0	0	0	0	0	0	0	200	0	0	0	0	0	0	0	2596828
                    Miniimonas sp. S16	0	0	0	0	301	0	0	0	0	0	0	290	0	0	0	0	0	0	0	0	0	321	0	0	0	0	0	0	0	495	0	0	0	0	0	656	0	0	0	2171623
                    Mogibacterium diversum	243	3440	321	625	876	1475	929	6029	3239	8260	724	975	0	7870	23744	1130	1919	478	2683	0	2314	488	6846	0	1393	0	0	861	4623	0	2344	533	1750	238	474	0	2663	0	1619	114527
                    Mogibacterium pumilum	906	455	592	730	1021	505	1432	1947	1488	2209	0	0	0	2208	10088	431	451	424	472	0	1340	0	1114	0	541	0	0	1328	846	228	571	237	667	0	264	0	386	0	504	86332
                    Nocardioides sp. R-3366	0	0	0	0	0	0	0	0	0	0	0	0	0	0	0	0	0	0	0	0	0	0	0	0	0	0	0	0	0	0	0	0	0	0	0	396	0	0	0	2712223
                    Nonomuraea sp. WYY166	0	0	0	0	0	0	0	0	0	0	0	0	0	0	0	0	0	0	0	0	0	0	0	0	0	0	0	0	0	0	0	0	0	0	0	0	0	0	209	2656914
                    Oerskovia sp. KBS0722	0	0	0	0	215	0	0	0	0	0	0	225	0	0	0	0	0	0	0	0	0	323	0	0	0	0	0	0	0	247	0	0	0	0	0	643	0	0	308	1179673
                    Olsenella sp. GAM18	0	0	0	0	0	0	0	0	0	0	0	0	0	429	0	0	0	0	4439	0	0	0	0	0	0	0	0	0	0	0	0	239	0	3119	0	0	0	0	0	2109685
                    Olsenella sp. oral taxon 807	35117	66772	20731	61310	16017	9602	15050	18766	13879	85274	88381	13328	257471	172547	30053	238	27745	33815	227203	31261	21538	73432	3025	0	353	15722	53044	57082	75465	290	9174	131918	38367	6639	80916	2571	121045	39999	116627	712411
                    Ornithinimicrobium sp. AMA3305	0	0	0	0	0	0	0	0	0	0	0	0	0	0	0	0	0	300	0	0	0	0	0	0	0	0	0	0	0	0	0	0	0	0	0	205	0	0	0	2283195
                    Ornithinimicrobium sp. HY006	0	0	0	0	0	0	0	0	0	0	0	0	0	0	0	0	0	338	0	0	0	0	0	0	0	0	0	0	0	0	0	0	0	0	0	0	0	0	0	2508882
                    Paenibacillus sp. RUD330	0	0	0	0	0	0	0	0	0	0	0	0	0	0	0	0	0	236	0	0	0	0	0	0	0	0	0	0	0	0	0	0	0	0	0	0	0	0	0	2023772
                    Porphyromonas asaccharolytica	0	0	0	0	0	0	0	0	340	0	0	0	0	0	0	0	0	0	0	0	0	0	0	0	0	0	0	0	0	0	0	0	0	0	0	0	0	0	0	28123
                    Porphyromonas gingivalis	5889	232	0	962	1788	346	4151	0	813	518	0	0	203	414	2971	315	0	4075	0	0	608	0	0	0	0	240	377	1601	953	0	943	1214	0	0	0	0	0	261	0	837
                    Prevotella dentalis	0	0	0	0	0	0	512	0	0	426	224	0	0	415	296	0	0	326	525	0	0	0	0	0	0	0	0	646	802	0	585	321	0	0	0	0	0	0	0	52227
                    Prevotella denticola	0	630	0	0	1698	238	891	396	272	4770	11768	0	400	429	322	0	1480	1550	62767	523	1421	753	555	223	0	1832	296	804	32548	453	3054	0	386	3947	0	770	1108	238	1172	28129
                    Prevotella enoeca	0	446	225	289	1263	290	0	536	339	584	308	0	0	267	4307	0	201	226	756	260	395	346	240	0	0	409	0	796	1194	209	1410	201	431	544	211	0	353	301	221	76123
                    Prevotella fusca	0	301	390	296	0	213	0	0	266	346	0	0	330	0	0	0	282	0	619	0	0	534	374	205	0	3082	0	784	1500	0	1246	0	438	0	208	0	0	0	0	589436
                    Prevotella intermedia	1783	3957	4114	11503	2518	8610	11732	1676	1661	3638	1213	1294	1347	2018	6768	378	3197	7836	2545	1448	10635	1554	2280	538	583	4749	3430	6015	7293	746	6081	3155	1856	1087	1457	0	2628	1297	1205	28131
                    Prevotella jejuni	0	850	0	0	287	733	0	517	2256	1141	0	256	1184	201	872	0	998	0	1369	352	246	1334	1173	220	353	8568	263	3283	5873	0	12574	0	1720	553	748	0	208	270	439	1177574
                    Prevotella melaninogenica	230	5334	317	600	994	5163	276	2803	5488	3359	598	1380	10363	536	1681	1590	7170	245	1232	1687	793	10326	7277	1059	2691	74710	1496	15159	4310	663	17999	201	9566	1385	4853	924	471	1185	2130	28132
                    Prevotella oris	280	1665	248	1821	1054	967	1173	742	880	5558	4848	323	493	297	612	0	3875	3402	1338	950	1571	5772	904	326	232	395	7446	3177	6957	2069	3974	312	1552	1022	740	861	1085	584	4618	28135
                    Prevotella scopos	0	690	0	0	0	689	0	420	700	599	0	224	1024	0	295	210	828	0	477	469	213	1223	1092	0	341	8522	366	1901	1325	335	3106	0	1287	311	583	0	0	236	360	589437
                    Propioniciclava sp. HDW11	0	0	0	233	0	0	0	0	0	0	0	217	0	0	0	0	0	365	0	0	0	0	0	0	0	0	0	0	0	418	0	455	0	0	0	291	0	0	0	2714937
                    Pseudactinotalea sp. HY158	0	0	0	0	0	0	0	0	0	0	0	221	0	0	0	0	0	0	0	0	0	348	0	0	0	0	0	0	0	308	0	0	0	0	0	362	0	0	412	2654547
                    Pseudarthrobacter sp. YJ56	0	0	0	0	0	0	0	0	0	0	0	0	0	0	0	0	0	218	0	0	0	0	0	0	0	0	0	0	0	0	0	0	0	0	0	0	0	0	0	2697569
                    Pseudomonas stutzeri	0	0	0	0	0	0	0	0	0	0	0	0	0	0	0	0	0	0	0	0	0	0	0	0	0	0	0	0	0	0	0	0	0	0	0	0	0	257	0	316
                    Raineyella sp. CBA3103	0	0	0	0	0	0	0	0	0	0	0	0	0	0	0	0	0	219	0	0	0	0	0	0	0	0	0	0	0	304	0	257	0	0	0	306	0	0	0	2662261
                    Ruania sp. HY168	0	0	0	0	0	0	0	0	0	0	0	0	0	0	0	0	0	0	0	0	0	0	0	0	0	0	0	0	0	0	0	0	0	0	0	203	0	0	0	2603206
                    Ruminococcus sp. SR1/5	0	0	0	0	0	0	0	337	0	387	0	0	0	0	0	0	0	0	0	0	0	0	0	0	0	0	0	351	0	0	0	0	0	0	0	0	0	0	0	657323
                    Sanguibacter sp. HDW7	0	0	0	0	0	0	0	0	0	0	0	0	0	0	0	0	0	0	0	0	0	253	0	0	0	0	0	0	0	0	0	0	0	0	0	315	0	0	278	2714931
                    Selenomonas sp. oral taxon 126	9852	88139	14039	18976	838	18294	61980	25140	12354	50377	3507	11791	37982	23019	14131	682	46533	6673	7286	15846	16874	4398	13206	4663	1387	3744	23983	36008	27716	9489	14191	10243	15263	3063	8496	2477	23619	9682	6748	712528
                    Selenomonas sp. oral taxon 136	1204	13099	1810	3602	379	8316	4651	11589	4876	21772	5815	3069	9709	3788	2955	0	3983	582	22335	5615	3419	1978	7302	2821	361	397	6439	9166	6052	3930	30079	1725	27585	3488	2238	917	10717	2412	17181	713030
                    Selenomonas sp. oral taxon 478	1096	13559	1719	3488	322	7665	4699	14569	4330	24658	4347	2793	8879	3455	2635	0	2686	489	23184	4727	3281	1782	8799	2383	290	312	5747	10141	6883	3688	39658	1434	41373	3972	1868	806	9523	2054	17296	712538
                    Selenomonas sp. oral taxon 920	27159	60401	11829	24011	716	23518	35660	18869	13530	35653	3635	15031	44706	41944	15976	815	18211	1737	6410	18096	28463	5818	14744	32686	1348	1805	23096	26873	13515	17847	18479	9247	17495	3499	9860	3035	36472	10104	7216	1884263
                    Serinicoccus sp. W204	0	0	0	0	0	0	0	0	0	0	0	0	0	0	0	0	0	0	0	0	0	0	0	0	0	0	0	0	0	0	0	0	0	0	0	277	0	0	0	2593973
                    Sorangium cellulosum	0	0	0	0	0	0	0	0	0	0	0	0	0	0	0	0	0	391	0	0	0	0	0	0	0	0	0	0	0	0	0	0	0	0	0	0	0	0	0	56
                    Streptococcus anginosus	7217	21476	2169	22529	3191	23576	12266	10614	5592	7006	776	2819	261	32755	14397	2852	17760	1995	101237	4608	15060	2157	2584	784	3206	9778	5631	17338	150122	995	2391	3014	2652	2681	1669	237	2831	1020	32864	1328
                    Streptococcus constellatus	2405	1266	620	3743	770	2517	3504	717	1251	2691	203	347	0	1389	1424	239	560	2951	3586	340	1391	383	596	0	717	1757	1817	5498	9373	0	477	701	1287	0	442	0	0	621	1729	76860
                    Streptococcus dysgalactiae	753	233	0	373	229	0	2229	246	0	0	0	0	0	1090	577	203	0	0	447	0	384	0	0	0	218	0	0	0	0	0	271	0	0	0	0	0	0	0	311	1334
                    Streptococcus equi	1613	1126	416	1357	417	406	1654	1819	438	996	356	273	0	2842	1097	251	0	0	754	0	566	1451	388	0	241	539	477	911	358	0	404	230	1334	0	0	0	207	209	349	1336
                    Streptococcus intermedius	3369	2814	1071	9166	12100	5894	6715	1402	6636	2355	565	6818	1302	2667	2323	3763	663	3031	5266	1758	5162	24701	1031	293	79733	2424	7928	3774	12824	1509	658	825	2032	885	4385	1745	417	969	10842	1338
                    Streptococcus sp. 116-D4	2597	455	0	672	698	288	2396	0	242	0	0	0	0	1032	377	3411	252	0	671	0	348	470	0	476	877	727	649	0	684	0	448	0	0	0	243	219	0	879	380	2598453
                    Streptococcus sp. 1643	7597	1272	644	2862	2241	1658	5921	599	960	709	622	1068	366	3783	1614	10348	1638	403	1557	257	2280	1623	484	958	8212	8368	1195	304	2535	344	2653	232	358	516	811	1147	311	4303	1945	2576376
                    Streptococcus sp. A12	400	553	0	1340	296	0	1082	0	0	0	550	209	0	401	0	19689	0	0	388	0	218	0	0	1962	343	2727	8637	0	0	751	487	0	0	0	0	0	0	445	483	1759399
                    Streptococcus sp. CNU G3	0	0	0	0	0	0	0	0	0	0	0	0	0	0	0	0	0	0	226	0	0	0	0	0	0	0	0	0	0	0	0	0	0	0	0	0	0	0	0	2698804
                    Streptococcus sp. DAT741	0	0	0	0	0	0	0	0	0	0	0	0	0	0	0	0	0	0	0	0	1727	0	0	0	0	0	0	0	0	0	0	0	0	0	0	0	0	0	0	1940319
                    Streptococcus sp. FDAARGOS_192	0	0	0	0	0	0	0	0	0	0	0	0	0	225	0	1117	0	0	0	0	0	0	0	0	228	0	0	0	292	0	0	0	0	0	0	0	0	0	0	1839799
                    Streptococcus sp. I-G2	381	220	0	479	0	0	636	0	0	0	0	0	0	215	0	3130	0	0	0	0	0	0	0	261	0	358	1220	0	0	0	0	0	0	0	0	0	0	257	0	1156431
                    Streptococcus sp. I-P16	0	237	0	529	0	0	272	0	0	0	0	0	0	212	0	3481	0	0	301	0	0	0	0	0	294	494	1050	0	0	0	0	0	0	0	0	0	0	0	0	1156433
                    Streptococcus sp. LPB0220	303	1745	0	994	1454	0	410	849	0	0	219	0	0	386	0	10113	0	0	549	0	0	271	441	219	1354	858	653	377	788	0	2657	0	0	402	0	210	0	277	750	2610896
                    Streptococcus sp. NCTC 10228	367	0	0	414	0	292	674	526	0	399	0	0	0	0	255	0	0	0	0	0	296	0	0	0	0	0	0	466	0	0	0	0	1662	0	0	0	0	0	0	2583585
                    Streptococcus sp. NCTC 11567	0	0	348	0	0	0	0	0	0	0	0	0	0	2128	0	0	0	0	0	0	0	0	0	0	0	0	0	0	0	0	0	0	0	0	0	0	0	0	0	2583584
                    Streptococcus sp. NPS 308	9965	1135	858	4329	2455	1488	7291	317	1170	508	459	1078	522	4867	2433	12392	3722	0	1352	218	4032	1179	395	1465	6733	6690	1670	399	2201	217	2452	288	345	469	1818	1042	325	6780	2778	1902136
                    Streptococcus sp. oral taxon 064	4213	752	344	1541	1723	970	4160	0	639	373	373	676	203	2284	756	6246	884	0	976	0	1425	1430	200	350	4935	6534	664	0	1477	237	1392	221	0	295	409	1104	0	2221	1131	712624
                    Streptococcus sp. oral taxon 431	2854	1364	294	1054	825	378	3022	330	338	0	583	348	310	1373	523	22959	536	0	912	0	954	518	0	4136	1539	1478	2779	0	820	0	966	0	0	250	413	326	0	1557	661	712633
                    Streptococcus sp. VT 162	9513	1241	646	3141	2848	1747	6986	365	1164	714	670	1306	351	4017	1410	11369	1624	0	1783	0	2281	2244	467	601	13303	11326	1084	294	2860	226	2937	0	364	690	962	1488	295	4662	1730	1419814
                    Streptococcus sp. Z15	0	0	0	0	0	0	0	0	0	0	0	0	0	458	0	0	0	0	363	0	0	0	0	0	0	0	0	0	0	0	0	0	0	0	0	0	0	0	0	2173853
                    Streptomonospora sp. M2	0	0	0	0	0	0	0	0	0	0	0	0	0	0	0	0	0	0	0	0	0	0	0	0	0	0	0	0	0	0	0	0	0	0	0	227	0	0	0	2498135
                    Tannerella forsythia	22305	762	254	515	9634	0	964	0	0	238	0	225	304	610	3613	0	1391	7887	0	0	694	0	0	0	0	0	0	2034	629	0	414	1886	0	0	261	0	0	371	0	28112
                    Tessaracoccus sp. T2.5-30	0	0	0	0	0	0	0	0	208	0	0	243	0	0	0	0	0	0	0	0	0	258	0	236	0	0	0	0	0	0	0	300	0	0	0	0	0	0	262	1909732
                    uncultured Actinoallomurus sp.	0	0	0	0	0	0	0	0	0	0	0	0	0	0	0	0	0	0	0	0	0	0	0	0	0	0	0	0	0	0	0	0	0	0	0	242	0	0	0	1193538
                    Xylanimicrobium sp. FW10M-9	0	0	0	0	0	0	0	0	0	0	0	0	0	0	0	0	0	736	0	0	0	0	0	0	0	0	0	0	0	0	0	0	0	0	0	341	0	0	215	2509457
                  [Clostridium] hiranonis	0	0	0	0	0	0	0	0	0	0	0	0	0	0	246	0	0	0	0	0	0	0	0	0	0	0	0	0	0	0	0	0	0	0	0	0	0	0	0	89152
                  [Clostridium] scindens	0	0	0	0	0	0	0	0	0	436	0	0	0	0	0	0	0	0	0	0	0	0	271	0	0	0	0	357	0	0	0	0	322	0	0	0	0	0	0	29347
                  [Eubacterium] minutum	3211	0	1208	1225	25763	468	4545	251	747	2696	0	0	0	3090	9014	0	0	0	0	0	722	0	327	0	0	0	0	3608	698	0	322	9440	0	0	246	0	0	234	0	76124
                  [Eubacterium] rectale	0	0	0	0	0	0	0	0	0	0	0	0	0	0	0	0	0	0	0	0	0	0	0	0	0	0	0	0	0	0	329	0	0	0	0	0	0	0	0	39491
                  [Eubacterium] siraeum	0	0	0	0	0	0	0	394	0	0	0	0	0	0	0	0	0	0	0	0	0	0	0	0	0	0	0	261	0	0	0	0	241	0	0	0	0	0	0	39492
                  [Eubacterium] sulci	4263	4336	0	1004	0	1189	1558	7876	1039	6193	0	449	256	4693	11254	492	4461	0	380	0	1774	0	1228	0	0	0	0	6822	350	0	4337	0	0	434	0	0	230	0	534	143393
                  [Pasteurella] aerogenes	0	0	0	0	0	0	420	0	0	0	0	0	0	0	0	0	0	0	0	0	0	0	0	0	0	0	0	0	0	0	0	0	0	0	0	0	0	0	0	749
                  [Ruminococcus] gnavus	0	0	0	0	0	0	0	296	0	213	0	0	0	0	0	0	0	0	0	0	0	0	261	0	0	0	0	252	0	0	0	0	296	0	0	0	0	0	0	33038
                  [Ruminococcus] torques	0	0	0	0	0	0	0	0	222	0	0	0	0	0	0	0	0	0	0	0	0	0	697	0	0	0	0	1100	0	0	745	0	0	0	0	0	0	0	0	33039
                  Acidaminococcus fermentans	0	0	0	0	0	0	0	0	0	0	0	0	0	0	0	0	0	0	200	0	0	0	0	0	0	0	0	0	0	0	0	0	0	0	0	0	0	0	0	905
                  Acidaminococcus intestini	0	0	0	0	0	0	0	0	0	0	0	0	0	0	0	0	0	0	294	0	0	0	0	0	0	0	0	0	0	0	0	0	0	653	0	0	0	0	0	187327
                  Acidipropionibacterium acidipropionici	0	0	0	227	333	0	0	0	0	0	0	282	0	0	0	0	0	2007	0	245	212	484	0	0	0	0	209	0	0	431	0	367	0	0	0	609	262	0	548	1748
                  Acidipropionibacterium jensenii	0	0	0	209	258	0	0	0	0	0	0	229	0	0	0	0	0	1040	0	0	0	320	0	0	0	0	204	0	0	472	0	337	0	0	0	423	224	0	325	1749
                  Acidipropionibacterium virtanenii	0	0	0	0	267	0	0	0	0	0	0	263	0	0	0	0	0	709	0	0	0	257	0	0	0	0	262	0	0	327	0	223	0	0	0	467	0	0	309	2057246
                  Actinomyces gaoshouyii	532	366	1345	4847	4815	1008	1391	2861	3499	1326	0	3624	1553	463	1050	0	761	2393	319	1930	1925	2844	427	1160	1657	594	2333	573	908	4992	290	791	3844	878	2916	9370	2704	950	1454	1960083
                  Actinomyces gerencseriae	0	0	0	0	0	0	0	0	0	0	0	225	0	0	0	0	0	0	0	0	0	0	0	0	0	0	0	0	0	335	0	0	0	0	0	270	0	0	0	52769
                  Actinomyces hongkongensis	852	2422	13069	13846	5756	18598	6514	4223	7597	7012	0	10707	20547	947	13983	206	2506	2735	671	4111	14735	15129	15398	1176	7335	1587	8305	6746	2458	1192	3405	1243	11160	3972	17976	3683	18804	25066	9352	178339
                  Actinomyces howellii	1423	1047	1747	5287	9605	2960	2182	1586	4046	2529	0	10074	5120	1345	3046	229	2480	5940	953	6029	4901	7313	958	2605	3879	1451	7506	1987	1436	15208	740	2461	2228	2133	3690	26110	9057	2087	4508	52771
                  Actinomyces israelii	0	0	330	836	2177	415	438	278	666	478	0	1646	623	200	398	0	328	1422	0	841	755	1322	0	570	699	246	1364	252	221	2339	0	349	334	371	568	4590	1210	454	674	1659
                  Actinomyces naeslundii	488	1689	4166	12603	48631	1696	3603	5712	5459	1252	736	10293	5612	533	1654	1780	2602	6685	433	8120	6315	35421	3937	5395	91645	8407	11446	462	901	33411	872	700	2312	2032	6460	114888	5697	9883	9526	1655
                  Actinomyces oris	542	1939	4497	14255	54460	2071	4127	6720	5962	1380	793	11185	6181	648	1797	1986	3065	7528	515	9105	6924	39996	4201	6222	103740	9493	12787	534	966	37744	1007	774	2852	2124	7356	127686	6372	11038	10225	544580
                  Actinomyces pacaensis	0	0	0	0	0	0	0	0	0	0	0	0	0	1166	442	0	0	0	0	0	0	0	0	0	0	284	0	0	0	0	0	0	0	0	0	204	0	0	0	1852377
                  Actinomyces qiguomingii	539	364	654	1937	3419	1179	875	593	1546	974	483	3575	1758	455	1022	0	1129	1955	370	2076	1527	2616	386	848	1518	535	2553	644	537	5250	282	881	724	733	1367	8917	2914	817	1473	2057800
                  Actinomyces radicidentis	1406	1064	1763	5083	9916	3001	2245	1790	4223	2547	0	11200	4524	1213	3080	250	2453	6162	901	6337	5342	7911	947	3997	4335	1442	7635	1723	1567	16641	712	2470	2331	2211	3666	26765	8426	2239	4260	111015
                  Actinomyces slackii	1100	889	1906	4596	8076	2280	2571	1550	3413	1944	0	7452	3692	1076	2392	232	1866	4566	732	4570	3583	6978	1151	2117	3880	1246	6618	1285	1109	12585	629	1879	1785	1487	2983	18110	6386	2566	3384	52774
                  Actinomyces succiniciruminis	263	309	411	1038	1833	622	496	341	824	558	0	1995	1104	274	562	0	488	1192	218	1311	884	1853	225	491	1258	314	1481	380	375	3664	0	451	450	472	712	4921	1629	444	1029	1522002
                  Actinomyces viscosus	3792	6663	29236	35287	72480	6849	12588	13546	28587	6101	1395	31897	25887	1958	10681	2855	8766	22209	1692	29686	29543	77440	21971	19084	42951	5823	32989	2628	2267	74178	4352	4857	7143	9336	19695	94929	30393	42057	28621	1656
                  Actinopolyspora erythraea	0	0	0	0	0	0	0	0	0	0	0	0	0	0	0	0	0	0	0	0	0	0	0	0	0	0	0	0	0	0	0	0	0	0	0	205	0	0	0	414996
                  Actinotignum schaalii	0	0	0	0	0	0	0	0	0	0	0	0	0	0	0	0	0	0	0	0	0	223	0	0	0	0	0	0	0	0	0	0	0	0	0	0	0	0	276	59505
                  Adlercreutzia equolifaciens	0	0	0	0	0	0	0	0	0	0	0	0	0	0	0	0	0	0	203	0	0	0	0	0	0	0	0	0	0	0	0	0	0	0	0	0	0	0	0	446660
                  Aeromicrobium erythreum	0	0	0	0	0	0	0	0	0	0	0	0	0	0	0	0	0	346	0	0	0	0	0	0	0	0	0	0	0	0	0	0	0	0	0	0	0	0	0	2041
                  Agromyces flavus	0	0	0	0	0	0	0	0	0	0	0	0	0	0	0	0	0	269	0	0	0	0	0	0	0	0	0	0	0	0	0	0	0	0	0	0	0	0	0	589382
                  Anaerobutyricum hallii	0	0	0	0	0	0	0	1301	301	0	0	0	0	0	0	0	0	0	0	0	0	0	313	0	0	0	0	1028	0	0	424	0	0	0	0	0	0	0	0	39488
                  Anaerococcus mediterraneensis	0	0	0	0	0	0	0	427	0	0	0	0	0	0	0	0	0	0	0	0	0	0	0	0	0	0	0	0	0	0	0	0	0	0	0	0	0	0	0	1870984
                  Anaerolineaceae bacterium oral taxon 439	33808	0	1454	0	5749	778	1632	0	0	3311	0	0	0	13303	12504	0	0	2003	0	0	553	0	0	0	0	0	0	3902	616	0	1322	60558	0	0	0	0	0	0	0	1889813
                  Anaerostipes hadrus	0	0	0	0	0	0	0	0	259	0	0	0	0	0	0	0	0	0	0	0	0	0	299	0	0	0	0	0	0	0	510	0	0	0	0	0	0	0	0	649756
                  Anaerostipes rhamnosivorans	0	0	0	0	0	0	0	0	0	0	0	0	0	0	0	0	0	0	0	0	0	0	0	0	0	0	0	0	0	0	281	0	0	0	0	0	0	0	0	1229621
                  Arabia massiliensis	0	0	0	0	0	0	0	0	0	0	0	0	0	0	0	0	0	0	340	0	0	0	0	0	0	0	0	0	0	0	0	0	0	230	0	0	0	0	0	1870985
                  Arthrobacter crystallopoietes	0	0	0	0	0	0	0	0	0	0	0	0	0	0	0	0	0	238	0	0	0	0	0	0	0	0	0	0	0	0	0	0	0	0	0	0	0	0	0	37928
                  Atopobium parvulum	0	1621	0	0	3725	0	0	1518	439	2418	409	719	0	290	3353	351	0	1100	1587	203	264	1881	275	0	0	0	0	528	2268	0	2117	0	509	0	238	0	451	0	598	1382
                  Auraticoccus monumenti	0	0	0	0	0	0	0	0	0	0	0	0	0	0	0	0	0	0	0	0	0	0	0	0	0	0	0	0	0	234	0	401	0	0	0	0	0	0	0	675864
                  Austwickia chelonae	0	0	0	0	0	0	0	0	0	0	0	0	0	0	0	0	0	224	0	0	0	0	0	0	0	0	0	0	0	0	0	0	0	0	0	0	0	0	0	100225
                  Beutenbergia cavernae	0	0	0	0	0	0	0	0	0	0	0	0	0	0	0	0	0	0	0	0	0	333	0	0	0	0	0	0	0	0	0	0	0	0	0	215	0	0	460	84757
                  Bifidobacterium adolescentis	0	0	0	0	0	0	0	0	0	0	0	0	0	0	0	0	0	314	3585	0	0	0	0	0	0	0	0	0	0	0	0	0	0	0	0	0	0	0	0	1680
                  Bifidobacterium angulatum	0	0	0	0	0	0	0	0	0	0	0	0	0	0	0	0	0	0	514	0	0	0	0	0	0	0	0	0	0	0	0	0	0	0	0	0	0	0	0	1683
                  Bifidobacterium bifidum	0	0	0	0	0	0	0	0	0	0	0	0	0	0	0	0	0	0	1317	0	0	0	0	0	0	0	0	484	0	0	303	0	0	0	0	0	0	0	0	1681
                  Bifidobacterium breve	0	0	0	0	0	0	0	0	0	0	0	0	0	0	0	0	0	0	1130	0	0	0	0	0	0	0	0	0	0	0	0	0	0	0	0	0	0	0	0	1685
                  Bifidobacterium catenulatum	0	0	0	0	0	0	0	0	0	0	0	0	0	0	0	0	0	265	2575	0	0	0	0	0	0	0	0	0	0	0	0	0	0	0	0	0	0	0	0	1686
                  Bifidobacterium dentium	0	0	234	0	205	0	0	259	0	6160	0	0	0	17210	0	0	0	780	379403	0	0	217	0	0	0	0	0	0	0	732	0	0	0	6449	0	238	0	429	0	1689
                  Bifidobacterium gallinarum	0	0	0	0	0	0	0	0	0	0	0	0	0	0	0	0	0	0	234	0	0	0	0	0	0	0	0	0	0	0	0	0	0	0	0	0	0	0	0	78344
                  Bifidobacterium longum	0	0	0	0	0	0	0	0	0	0	0	0	0	0	0	0	0	206	1526	0	0	0	0	0	0	0	0	0	0	0	0	0	0	0	0	0	0	0	0	216816
                  Blautia obeum	0	0	0	0	0	0	0	411	0	260	0	0	0	0	0	0	0	0	0	0	0	0	213	0	0	0	0	253	0	0	0	0	0	0	0	0	0	0	0	40520
                  Blautia producta	0	237	0	0	0	0	0	0	0	0	0	0	0	0	0	0	0	0	0	0	215	0	0	0	0	0	0	0	0	0	0	0	0	0	0	0	0	0	0	33035
                  Brachybacterium faecium	0	0	0	0	0	0	0	0	0	0	0	0	0	0	0	0	0	0	0	0	0	206	0	0	0	0	0	0	0	203	0	0	0	0	0	0	0	0	248	43669
                  Brachybacterium ginsengisoli	0	0	0	0	0	0	0	0	0	0	0	0	0	0	0	0	0	349	0	0	0	0	0	0	0	0	0	0	0	0	0	0	0	0	0	0	0	0	0	1331682
                  Brachybacterium saurashtrense	0	0	0	0	0	0	0	0	0	0	0	0	0	0	0	0	0	0	0	0	0	0	0	0	0	0	0	0	0	246	0	0	0	0	0	0	0	0	0	556288
                  Brevibacterium aurantiacum	0	0	0	0	0	0	0	0	0	0	0	0	0	0	0	0	0	0	0	0	0	0	0	0	0	0	0	0	0	367	0	0	0	0	0	206	0	0	0	273384
                  Brevibacterium linens	0	0	0	0	0	0	0	0	0	0	0	0	0	0	0	0	0	0	0	0	0	0	0	0	0	0	0	0	0	0	0	0	0	0	0	391	0	0	0	1703
                  butyrate-producing bacterium SM4/1	0	0	0	0	0	0	0	1521	0	0	0	0	0	0	0	0	0	0	0	0	0	0	237	0	0	0	0	0	0	0	0	0	833	0	0	0	0	0	0	245012
                  butyrate-producing bacterium SS3/4	0	272	0	0	0	0	0	1090	241	0	0	0	0	0	0	0	0	0	0	0	0	0	564	0	0	0	0	900	0	0	431	0	1045	0	0	0	0	0	0	245014
                  Butyrivibrio fibrisolvens	0	0	0	0	0	0	0	232	0	0	0	0	0	0	0	0	0	0	0	0	0	0	0	0	0	0	0	0	0	0	0	0	0	0	0	0	0	0	0	831
                  Butyrivibrio hungatei	0	0	0	0	0	0	0	0	0	0	0	0	0	0	0	0	0	0	0	0	0	0	256	0	0	0	0	347	0	0	0	0	0	0	0	0	0	0	0	185008
                  Butyrivibrio proteoclasticus	0	0	0	0	0	0	0	0	0	270	0	0	0	0	0	0	0	0	0	0	0	0	0	0	0	0	0	228	0	0	0	0	262	0	0	0	0	0	0	43305
                  Campylobacter concisus	537	22315	586	6901	686	4445	2316	14497	3924	40390	423	1414	7214	9986	4666	13566	1952	1459	1532	1238	4364	435	5126	2484	408	578	2121	10502	1580	305	6346	419	15980	1130	2221	564	1161	3374	4835	199
                  Campylobacter curvus	0	532	0	210	0	0	0	0	0	318	0	236	0	0	0	0	255	0	0	0	0	0	0	0	0	802	26281	1254	0	0	0	0	0	0	274	0	0	1868	0	200
                  Campylobacter gracilis	2021	6567	1358	2370	11902	1727	1608	3958	5182	8008	637	8204	32228	5425	4128	0	3707	44265	1172	4843	7029	14165	2721	4810	11720	3602	5158	7232	3127	0	2592	1648	14542	604	18231	21110	13342	11864	9169	824
                  Campylobacter rectus	221	0	0	0	0	0	0	0	0	0	0	0	0	0	0	0	0	0	0	0	0	0	0	0	0	0	0	0	0	0	0	0	0	0	0	0	0	0	0	203
                  Campylobacter showae	42136	66745	3841	13840	7972	1785	29696	20403	23786	17939	1085	9462	23546	49298	29545	2362	17312	5560	2105	6822	34490	799	3672	23561	812	30744	27765	7770	1654	3502	16705	9877	2447	1119	37296	1365	5770	15078	9933	204
                  Candidatus Frankia datiscae	0	0	0	0	0	0	0	0	0	0	0	0	0	0	0	0	0	283	0	0	0	0	0	0	0	0	0	0	0	0	0	0	0	0	0	0	0	0	0	2716812
                  Cellulomonas fimi	0	0	0	0	0	0	0	0	0	0	0	0	0	0	0	0	0	411	0	0	0	0	0	0	0	0	0	0	0	0	0	0	0	0	0	269	0	0	0	1708
                  Cellulomonas flavigena	0	0	0	0	0	0	0	0	0	0	0	0	0	0	0	0	0	0	0	0	0	0	0	0	0	0	0	0	0	0	0	0	0	0	0	213	0	0	206	1711
                  Cellulomonas shaoxiangyii	0	0	0	0	0	0	0	0	0	0	0	0	0	0	0	0	0	0	0	0	0	218	0	0	0	0	0	0	0	286	0	0	0	0	0	312	0	0	411	2566013
                  Cellulosimicrobium cellulans	0	0	0	0	0	0	0	0	0	0	0	0	0	0	0	0	0	0	0	0	0	255	0	0	0	0	0	0	0	0	0	0	0	0	0	0	0	0	272	1710
                  Clavibacter michiganensis	0	0	0	0	0	0	0	0	0	0	0	256	0	0	0	0	0	0	0	0	0	365	0	0	0	0	0	0	0	323	0	0	0	0	0	393	205	0	373	28447
                  Clostridiales bacterium CCNA10	0	0	0	0	0	0	0	0	0	0	0	0	0	0	0	0	0	0	0	0	0	0	0	0	0	0	0	0	0	0	254	0	0	0	0	0	0	0	0	2109688
                  Clostridiales genomosp. BVAB1	0	0	0	0	0	0	0	1498	0	0	0	0	0	0	0	0	0	0	0	0	0	0	296	244	0	0	0	688	0	0	446	0	0	0	0	0	0	0	0	699240
                  Clostridioides difficile	484	403	0	840	0	233	687	740	347	383	0	0	0	507	820	0	0	0	0	0	417	0	0	355	0	0	0	446	0	0	360	0	510	0	0	0	0	0	0	1496
                  Clostridium botulinum	0	0	0	0	0	0	0	309	0	0	0	0	0	0	0	0	0	0	0	0	0	0	0	0	0	0	0	354	0	0	327	0	0	0	0	0	0	0	0	1491
                  Clostridium perfringens	0	0	0	0	0	0	0	0	0	0	0	0	0	0	0	0	0	0	0	0	0	0	0	0	0	0	0	0	0	0	333	0	0	0	0	0	0	0	0	1502
                  Clostridium tetani	0	0	0	0	0	0	0	0	0	0	0	0	0	0	0	0	0	0	0	0	0	0	0	0	0	0	0	201	0	0	0	0	0	0	0	0	0	0	0	1513
                  Collinsella aerofaciens	0	0	0	0	0	0	0	0	0	210	0	0	600	450	0	0	0	0	2037	0	0	0	0	0	0	0	0	0	0	0	0	872	0	1449	0	0	242	0	208	74426
                  Coprococcus catus	0	0	0	0	0	0	0	404	0	496	0	0	0	0	0	0	0	0	0	0	0	0	0	0	0	0	0	450	0	0	241	0	0	0	0	0	0	0	0	116085
                  Coriobacteriaceae bacterium 68-1-3	0	0	0	0	0	0	0	0	0	0	0	0	0	0	0	0	0	0	362	0	0	0	0	0	0	0	0	0	0	0	0	0	0	253	0	0	0	0	0	1531429
                  Coriobacterium glomerans	0	0	0	0	0	0	0	0	0	0	0	0	0	0	0	0	0	0	487	0	0	0	0	0	0	0	0	0	0	0	0	225	0	223	0	0	0	0	0	33871
                  Corynebacterium frankenforstense	0	0	0	0	0	0	0	0	0	0	0	0	0	0	0	0	0	0	0	0	0	0	0	0	0	0	0	0	0	0	0	0	0	0	0	246	0	0	0	1230998
                  Corynebacterium matruchotii	0	37080	18622	178294	79310	17903	51379	9870	122729	6081	1187	283122	247271	456	18859	1832	26368	1870	4746	211644	17727	339543	78174	55100	10777	29464	148172	750	2163	48299	95901	7115	197215	39221	139667	17447	28176	101163	0	43768
                  Corynebacterium vitaeruminis	0	0	0	0	0	0	0	0	0	0	0	0	0	0	0	0	0	0	0	0	0	0	0	0	0	0	0	0	0	0	0	0	0	0	0	235	0	0	0	38305
                  Cryptobacterium curtum	0	0	0	0	0	0	0	0	0	0	0	0	0	0	0	0	0	0	2127	0	0	0	0	0	0	0	0	0	2536	0	0	0	0	0	0	0	0	0	0	84163
                  Cutibacterium acnes	0	0	0	0	0	0	0	0	0	0	0	0	0	0	0	260	0	254	0	0	0	266	0	0	675	0	0	0	0	594	0	245	0	0	0	215	0	0	0	1747
                  Cutibacterium avidum	0	0	0	0	204	0	0	0	0	0	0	0	0	0	0	0	0	476	0	0	0	243	0	0	0	0	0	0	0	261	0	278	0	0	0	217	0	0	200	33010
                  Denitrobacterium detoxificans	0	0	0	0	0	0	0	0	0	0	0	0	0	0	0	0	0	0	650	0	0	0	0	0	0	0	0	0	0	0	0	0	0	384	0	0	0	0	0	79604
                  Dermabacter jinjuensis	0	0	0	0	0	0	0	0	0	0	0	0	0	0	0	0	0	0	0	0	0	0	0	0	0	0	0	0	0	0	0	262	0	0	0	0	0	0	0	1667168
                  Dermacoccus abyssi	0	0	0	0	0	0	0	0	0	0	0	0	0	0	0	0	0	386	0	0	0	0	0	0	0	0	0	0	0	0	0	0	0	0	0	235	0	0	0	322596
                  Desulfobulbus oralis	7233	0	1750	0	22529	724	290	0	521	405	0	0	0	14227	38085	0	0	0	0	0	4875	0	349	0	0	0	0	651	455	0	377	29678	0	0	0	0	0	662	0	1986146
                  Desulfomicrobium orale	2838	0	0	0	0	545	269	0	0	290	0	0	0	231	400	0	896	0	0	0	0	0	0	0	0	0	0	0	0	0	0	0	0	0	0	0	0	0	0	132132
                  Desulfovibrio fairfieldensis	607	0	0	0	0	0	0	0	0	2461	0	0	0	0	1669	0	0	233	0	0	0	0	0	0	0	0	0	0	0	0	0	0	0	0	0	0	0	0	0	44742
                  Dialister massiliensis	0	0	0	0	0	0	0	0	0	0	0	0	0	0	0	0	0	0	365	0	0	0	0	0	0	0	0	0	0	0	0	0	0	0	0	0	0	0	0	2161821
                  Dialister pneumosintes	0	607	0	722	0	677	380	0	300	1927	0	0	0	419	1124	0	1228	2987	0	0	0	0	0	0	0	0	278	0	1462	0	0	0	0	0	0	0	1367	0	0	39950
                  Dietzia psychralcaliphila	0	0	0	0	0	0	0	0	0	0	0	0	0	0	0	0	0	225	0	0	0	0	0	0	0	0	0	0	0	0	0	0	0	0	0	0	0	0	0	139021
                  Eggerthella lenta	0	0	0	0	0	0	0	0	0	0	0	0	0	0	0	0	0	0	335	0	0	0	0	0	0	0	0	0	0	0	0	0	0	257	0	0	0	0	0	84112
                  Faecalibacterium prausnitzii	239	574	0	293	0	499	0	5646	962	2748	205	0	0	222	558	0	0	0	551	0	233	0	3064	0	0	0	345	2888	422	0	1569	246	3868	810	0	0	0	0	338	853
                  Filifactor alocis	26090	1928	6069	40533	5400	18776	18362	3612	5867	11059	0	498	0	992	13798	0	1192	0	398	0	8531	0	2763	0	0	664	259	4627	3870	0	1622	4383	0	0	0	0	1446	1629	0	143361
                  Finegoldia magna	0	0	0	225	0	0	0	0	0	0	0	0	0	0	0	0	0	0	0	0	0	0	0	0	0	0	0	0	0	0	0	0	0	0	0	0	0	0	0	1260
                  Flaviflexus salsibiostraticola	0	0	0	0	236	0	0	0	0	0	0	227	0	0	0	0	0	0	0	0	0	654	0	0	249	0	0	0	0	0	0	0	0	0	0	409	0	0	945	1282737
                  Friedmanniella luteola	0	0	0	0	0	0	0	0	0	0	0	0	0	0	0	0	0	382	0	0	0	0	0	0	0	0	0	0	0	0	0	0	0	0	0	0	0	0	0	546871
                  Fusobacterium sp. oral taxon 203	0	0	1268	1732	44190	249	1699	208	391	0	0	1660	0	0	345	0	0	0	0	0	2986	447	426	538	0	278	1045	729	235	0	702	0	213	0	2487	0	310	4736	419	671211
                  Gardnerella vaginalis	0	0	0	0	0	0	0	0	0	0	0	0	0	0	0	0	0	0	0	0	0	0	0	0	0	0	0	0	202	0	0	0	0	0	0	0	0	0	0	2702
                  Glaesserella sp. 15-184	0	0	0	0	0	0	0	0	0	0	0	0	0	0	0	397	0	0	0	0	0	0	0	0	0	0	0	0	0	0	0	0	0	0	0	0	0	0	0	2030797
                  Gordonibacter massiliensis	0	0	0	0	0	0	0	0	0	0	302	0	0	0	0	0	0	0	239	0	0	0	0	0	0	0	0	0	0	0	0	0	0	0	0	0	0	0	0	1841863
                  Gordonibacter pamelaeae	0	0	0	0	0	0	0	0	0	0	402	0	0	0	0	0	0	0	244	0	0	0	0	0	0	0	0	0	0	0	0	0	0	0	0	0	0	0	0	471189
                  Gordonibacter urolithinfaciens	0	0	0	0	0	0	0	0	0	0	374	0	0	0	0	0	0	0	230	0	0	0	0	0	0	0	0	0	0	0	0	0	0	0	0	0	0	0	0	1335613
                  Granulicatella adiacens	0	0	0	234	0	0	331	0	0	0	0	0	0	0	0	1199	0	0	0	0	0	0	0	0	1194	218	0	0	0	0	0	0	0	0	0	0	0	0	0	46124
                  Haemophilus sp. oral taxon 036	729	0	0	0	0	0	484	0	0	0	0	0	0	0	0	4656	0	0	0	0	239	0	0	0	649	353	269	0	0	0	0	0	0	0	0	0	0	351	222	712310
                  Herbinix luporum	0	0	0	0	0	0	0	0	0	331	0	0	0	0	0	0	0	0	0	0	0	0	251	0	0	0	0	392	0	0	0	0	0	0	0	0	0	0	0	1679721
                  Hungatella hathewayi	0	0	0	0	0	0	0	0	0	454	0	0	0	0	0	0	0	0	0	0	0	0	388	0	0	0	0	395	0	0	656	0	504	0	0	0	0	0	0	154046
                  Intrasporangium calvum	0	0	0	0	0	0	0	0	0	0	0	0	0	0	0	0	0	411	0	0	0	0	0	0	0	0	0	0	0	0	0	0	0	0	0	260	0	0	0	53358
                  Isoptericola dokdonensis	0	0	0	0	0	0	0	0	0	0	0	0	0	0	0	0	0	0	0	0	0	204	0	0	0	0	0	0	0	255	0	0	0	0	0	432	0	0	0	372663
                  Isoptericola variabilis	0	0	0	0	0	0	0	0	0	0	0	0	0	0	0	0	0	0	0	0	0	222	0	0	0	0	0	0	0	210	0	0	0	0	0	0	0	0	242	139208
                  Janibacter indicus	0	0	0	0	0	0	0	0	0	0	0	0	0	0	0	0	0	428	0	0	0	0	0	0	0	0	0	0	0	0	0	0	0	0	0	337	0	0	0	857417
                  Janibacter melonis	0	0	0	0	0	0	0	0	0	0	0	0	0	0	0	0	0	0	0	0	0	299	0	0	0	0	0	0	0	0	0	0	0	0	0	369	0	0	371	262209
                  Jiangella alkaliphila	0	0	0	0	0	0	0	0	0	0	0	0	0	0	0	0	0	208	0	0	0	0	0	0	0	0	0	0	0	0	0	0	0	0	0	0	0	0	0	419479
                  Kineococcus radiotolerans	0	0	0	0	0	0	0	0	0	0	0	0	0	0	0	0	0	329	0	0	0	0	0	0	0	0	0	0	0	0	0	0	0	0	0	297	0	0	0	131568
                  Kocuria flava	0	0	0	0	0	0	0	0	0	0	0	0	0	0	0	0	0	0	0	0	0	271	0	0	0	0	0	0	0	213	0	0	0	0	0	242	0	0	298	446860
                  Kocuria palustris	0	0	0	0	0	0	0	0	0	0	0	0	0	0	0	0	0	0	0	0	0	211	0	0	0	0	0	0	0	238	0	0	0	0	0	300	0	0	208	71999
                  Kocuria rosea	0	0	0	0	0	0	0	0	0	0	0	0	0	0	0	0	0	884	0	0	0	293	0	0	0	0	0	0	0	317	0	0	0	0	0	337	0	0	257	1275
                  Kocuria turfanensis	0	0	0	0	0	0	0	0	0	0	0	0	0	0	0	0	0	0	0	0	0	0	0	0	0	0	0	0	0	206	0	0	0	0	0	362	0	0	0	388357
                  Kytococcus sedentarius	0	0	0	0	0	0	0	0	0	0	0	0	0	0	0	0	0	292	273	0	0	0	0	0	0	0	0	0	0	0	0	0	0	0	0	0	0	0	0	1276
                  Lachnoanaerobaculum umeaense	1045	7386	1894	22062	650	2991	9105	0	7226	25245	0	3544	2104	12060	5141	736	1581	0	2298	784	4932	3503	13002	3678	1472	21721	4943	38045	2288	525	33826	1052	28460	2883	2014	224	1740	1941	3870	617123
                  Lachnoclostridium phytofermentans	0	0	0	0	0	0	0	0	0	211	0	0	0	0	0	0	0	0	0	0	0	0	0	0	0	0	0	257	0	0	0	0	0	0	0	0	0	0	0	66219
                  Lachnospira eligens	0	241	0	0	0	0	0	815	0	464	0	0	0	0	0	0	0	0	0	0	0	0	489	0	0	0	0	823	0	0	509	0	583	0	0	0	0	0	0	39485
                  Lachnospiraceae bacterium	0	346	0	0	0	0	0	389	0	242	0	0	0	0	0	0	0	0	0	0	0	0	0	0	0	0	0	399	0	0	248	0	239	0	0	0	0	0	0	1898203
                  Lachnospiraceae bacterium Choco86	0	0	0	0	0	0	0	0	0	346	0	0	0	0	0	0	0	0	0	0	0	0	0	0	0	0	0	432	0	0	219	0	363	0	0	0	0	0	0	2109690
                  Lachnospiraceae bacterium GAM79	0	0	0	0	0	0	0	0	0	0	0	0	0	0	0	0	0	0	0	0	0	0	0	0	0	0	0	0	0	0	0	0	399	0	0	0	0	0	0	2109691
                  Lachnospiraceae bacterium KGMB03038	0	0	0	0	0	0	0	256	0	0	0	0	0	0	0	0	0	0	0	0	0	0	0	0	0	0	0	0	0	0	0	0	0	0	0	0	0	0	0	2594789
                  Lachnospiraceae bacterium KM106-2	0	0	0	0	0	0	0	0	0	244	0	0	0	0	0	0	0	0	0	0	0	0	0	0	0	0	0	299	0	0	0	0	265	0	0	0	0	0	0	2093742
                  Lachnospiraceae bacterium oral taxon 500	5910	391	1485	5734	1524	1068	9357	2109	788	2090	0	272	0	1166	4541	0	326	208	205	0	1109	0	904	0	0	0	380	2659	1996	211	880	3896	2884	0	282	0	225	413	257	712991
                  Lacrimispora saccharolytica	215	0	0	0	0	0	0	2304	295	937	0	0	0	0	209	0	0	0	0	0	0	0	1163	0	0	0	0	855	0	0	534	0	1311	260	0	0	0	0	0	84030
                  Lacrimispora sphenoides	0	0	0	0	0	0	0	0	0	0	0	0	0	0	0	0	0	0	0	0	0	0	0	0	0	0	0	236	0	0	0	0	0	0	0	0	0	0	0	29370
                  Lactobacillus agilis	0	0	0	0	0	0	0	0	0	0	0	0	0	0	0	0	0	0	307	0	0	0	0	0	0	0	0	0	0	0	0	0	0	0	0	0	0	0	0	1601
                  Lactobacillus amylovorus	0	0	0	0	0	0	0	0	0	0	0	0	0	0	0	0	0	0	375	0	0	0	0	0	0	0	0	0	0	0	0	0	0	0	0	0	0	0	0	1604
                  Lactobacillus delbrueckii	0	0	0	0	0	0	0	0	0	0	0	0	0	0	0	0	0	0	17153	0	0	0	0	0	0	0	0	0	35689	0	0	0	0	0	0	0	0	0	0	1584
                  Lactobacillus fermentum	0	0	0	0	0	0	0	0	0	0	0	0	0	0	0	0	0	0	1791	0	0	0	0	0	0	0	0	0	1834	0	0	0	0	0	0	0	0	0	0	1613
                  Lactobacillus frumenti	0	0	0	0	0	0	0	0	0	0	0	0	0	0	0	0	0	0	345	0	0	0	0	0	0	0	0	0	0	0	0	0	0	0	0	0	0	0	0	104955
                  Lactobacillus gasseri	0	0	0	0	0	0	0	0	0	0	204	0	0	0	0	0	0	0	512	0	0	0	0	0	0	0	0	0	59306	0	0	0	0	0	0	0	0	0	0	1596
                  Lactobacillus gastricus	0	0	0	0	0	0	0	0	0	0	0	0	0	0	0	0	0	0	264	0	0	0	0	0	0	0	0	0	10846	0	0	0	0	0	0	0	0	0	0	227942
                  Lactobacillus mucosae	0	0	0	0	1928	0	0	0	0	0	328	0	0	0	0	0	0	208	96481	0	0	0	0	0	0	0	0	0	91628	0	0	0	0	0	0	0	0	0	228	97478
                  Lactobacillus paragasseri	0	0	0	0	0	0	0	0	0	0	0	0	0	0	0	0	0	0	675	0	0	0	0	0	0	0	0	0	397	0	0	0	0	0	0	0	0	0	0	2107999
                  Lactobacillus plantarum	0	0	0	0	0	0	0	0	0	0	0	0	0	0	0	0	0	0	368	0	0	0	0	0	0	0	0	0	420	0	0	0	0	0	0	0	0	0	0	1590
                  Lactobacillus reuteri	0	0	0	0	0	0	0	0	0	0	0	0	0	0	0	0	0	0	558	0	0	0	0	0	0	0	0	0	0	0	0	0	0	0	0	0	0	0	0	1598
                  Lactobacillus salivarius	258	0	0	0	0	0	0	0	0	0	0	0	0	0	0	291	0	0	810	0	0	0	0	0	0	0	0	0	424	0	0	0	0	0	0	0	0	0	0	1624
                  Lactococcus lactis	0	0	0	0	0	0	0	0	0	0	0	0	0	302	0	0	0	0	214	0	0	0	0	0	0	0	0	0	0	0	0	0	0	0	0	0	0	0	0	1358
                  Leifsonia xyli	0	0	0	0	0	0	0	0	0	0	0	0	0	0	0	0	0	0	0	0	0	237	0	0	0	0	0	0	0	0	0	0	0	0	0	253	0	0	248	1575
                  Leptotrichia sp. oral taxon 212	2187	4582	19956	66102	3297	678	29096	6581	23589	3763	2063	58107	6602	1055	2075	600	3857	2268	555	361	20118	1279	11853	47498	311	56530	10171	11818	514	49705	32149	2569	3052	3476	10974	203	1466	21620	11374	712357
                  Leptotrichia sp. oral taxon 498	0	4088	608	1403	935	1620	527	13846	6233	8898	3217	11611	8074	413	1889	0	0	267	2072	4499	991	2112	25335	44401	0	501	836	50292	10322	221	47433	1054	22173	58774	5047	0	3938	671	2289	712368
                  Leptotrichia sp. oral taxon 847	0	644	561	1176	3231	498	694	3209	1426	1706	561	3707	953	0	688	0	0	0	398	1713	836	1922	5515	6108	0	661	786	11463	3542	0	9954	1524	6205	60640	1541	208	720	330	748	1785996
                  Leucobacter triazinivorans	0	0	0	0	0	0	0	0	0	0	0	0	0	0	0	0	0	0	0	0	0	0	0	0	0	0	0	0	0	0	0	0	0	0	0	275	0	0	0	1784719
                  Libanicoccus massiliensis	0	0	0	0	0	0	0	0	0	0	0	0	0	0	0	0	0	0	2090	0	0	0	0	0	0	0	0	0	0	0	0	0	0	1512	0	0	0	0	0	1871022
                  Luteimicrobium xylanilyticum	0	0	0	0	0	0	0	0	0	0	0	0	0	0	0	0	0	0	0	0	0	242	0	0	0	0	0	0	0	0	0	0	0	0	0	237	0	0	267	1133546
                  Mageeibacillus indolicus	0	200	0	0	0	0	0	0	0	697	0	0	0	0	0	0	0	0	0	0	0	0	221	0	0	0	0	699	0	0	410	0	0	0	0	0	0	0	0	884684
                  Mannheimia sp. USDA-ARS-USMARC-1261	0	0	0	0	0	0	0	0	0	0	0	0	0	0	0	276	0	0	0	0	0	0	0	0	0	0	0	0	0	0	0	0	0	0	0	0	0	0	0	1432056
                  Mannheimia sp. ZY170218	0	0	0	0	0	0	0	0	0	0	0	0	0	0	0	309	0	0	0	0	0	0	0	0	0	0	0	0	0	0	0	0	0	0	0	0	0	0	0	2679994
                  Marmoricola scoriae	0	0	0	0	0	0	0	0	0	0	0	0	0	0	0	0	0	240	0	0	0	0	0	0	0	0	0	0	0	0	0	0	0	0	0	0	0	0	0	642780
                  Megasphaera elsdenii	0	0	0	0	0	0	0	0	0	0	0	0	0	0	0	0	0	0	444	0	0	0	0	0	0	0	0	0	0	0	285	0	0	0	0	0	0	0	0	907
                  Megasphaera stantonii	0	0	0	0	0	0	0	0	0	0	0	0	0	0	0	0	0	0	230	0	0	0	0	0	0	0	0	0	0	0	0	0	0	0	0	0	0	0	0	2144175
                  Microbacterium foliorum	0	0	0	0	0	0	0	0	0	0	0	0	0	0	0	0	0	0	0	0	0	0	0	0	0	0	0	0	0	0	0	0	0	0	0	313	0	0	0	104336
                  Microbacterium sediminis	0	0	0	0	0	0	0	0	0	0	0	0	0	0	0	0	0	0	0	0	0	0	0	0	0	0	0	0	0	0	0	0	0	0	0	282	0	0	0	904291
                  Micrococcus luteus	0	0	0	0	0	0	0	0	0	0	0	0	0	0	0	0	0	428	0	0	0	0	0	0	0	0	0	0	0	298	0	0	0	0	0	253	0	0	0	1270
                  Microlunatus phosphovorus	0	0	0	0	0	0	0	0	0	0	0	0	0	0	0	0	0	0	0	0	0	0	0	0	0	0	0	0	0	370	0	257	0	0	0	0	0	0	0	29405
                  Microlunatus soli	0	0	0	0	0	0	0	0	0	0	0	0	0	0	0	0	0	0	0	0	0	0	0	0	0	0	0	0	0	0	0	226	0	0	0	0	0	0	0	630515
                  Micropruina glycogenica	0	0	0	223	0	0	0	0	0	0	0	0	0	0	0	0	0	0	0	0	0	0	0	0	0	0	0	0	0	240	0	403	0	0	0	0	0	0	0	75385
                  Microterricola viridarii	0	0	0	0	0	0	0	0	0	0	0	0	0	0	0	0	0	359	0	0	0	0	0	0	0	0	0	0	0	0	0	0	0	0	0	0	0	0	0	412690
                  Murdochiella vaginalis	213	0	0	0	0	0	257	0	0	0	0	0	0	0	385	0	0	0	0	0	0	0	0	0	0	0	0	0	0	0	0	0	0	0	0	0	0	0	0	1852373
                  Mycolicibacterium litorale	0	0	0	0	0	0	0	0	0	0	0	0	0	0	0	0	0	386	0	0	0	0	0	0	0	0	0	0	0	0	0	0	0	0	0	0	0	0	0	758802
                  Nakamurella multipartita	0	0	0	0	0	0	0	0	0	0	0	0	0	0	0	0	0	0	0	0	0	0	0	0	0	0	0	0	0	0	0	0	0	0	0	272	0	0	0	53461
                  Negativicoccus massiliensis	0	0	0	0	0	0	351	322	0	563	0	0	0	0	209	0	0	0	437	0	0	0	0	0	0	0	0	0	0	0	0	0	0	0	0	0	0	0	0	1702287
                  Neisseria sp. 10022	0	343	0	0	0	0	477	0	0	0	0	0	0	0	0	1534	0	0	0	0	0	0	0	364	0	0	406	0	0	306	0	0	0	0	226	0	0	288	448	1853276
                  Neisseria sp. AP206	0	0	0	0	0	0	0	0	0	0	0	0	0	0	0	214	0	0	0	0	0	0	0	0	0	0	0	0	0	0	0	0	0	0	0	0	0	0	0	1229328
                  Neisseria sp. KEM232	0	1280	383	340	847	0	2277	744	825	0	821	459	419	709	0	18326	0	2461	557	661	2762	648	0	1810	8187	0	4056	0	0	4849	0	0	375	2286	1117	1510	0	1995	2992	655307
                  Neisseria sp. oral taxon 014	1059	4206	10702	2689	27861	1645	22665	2113	33963	885	55289	7347	10177	708	414	195098	1824	1167	3197	950	20914	6368	3891	9665	896	0	17673	1766	10341	7818	5389	4150	12169	30959	3147	1885	581	14644	22161	641148
                  Nocardia cyriacigeorgica	0	0	0	0	0	0	0	0	0	0	0	0	0	0	0	0	0	254	0	0	0	0	0	0	0	0	0	0	0	0	0	0	0	0	0	0	0	0	0	135487
                  Nocardioides seonyuensis	0	0	0	0	0	0	0	0	0	0	0	0	0	0	0	0	0	221	0	0	0	0	0	0	0	0	0	0	0	0	0	0	0	0	0	0	0	0	0	2518371
                  Nocardiopsis dassonvillei	0	0	0	0	0	0	0	0	0	0	0	0	0	0	0	0	0	317	0	0	0	0	0	0	0	0	0	0	0	0	0	0	0	0	0	259	0	0	0	2014
                  Nocardiopsis gilva	0	0	0	0	0	0	0	0	0	0	0	0	0	0	0	0	0	0	0	0	0	0	0	0	0	0	0	0	0	0	0	0	0	0	0	0	0	0	248	280236
                  Olsenella timonensis	0	0	0	0	0	0	0	0	0	0	0	0	0	352	0	0	0	0	4411	0	0	0	0	0	0	0	0	0	0	0	0	204	0	3271	0	0	0	0	0	1805478
                  Olsenella uli	0	1212	0	215	650	278	1289	4072	203	12398	0	0	454	9803	1405	0	308	14636	11624	0	0	0	0	0	0	0	255	1925	865	572	1169	4801	0	9198	2786	0	631	0	985	133926
                  Olsenella umbonata	0	0	0	0	0	0	0	0	0	0	0	0	0	506	0	0	0	0	6136	0	0	0	0	0	0	0	0	0	0	0	0	0	0	4498	0	0	0	0	0	604330
                  Ornithinimicrobium flavum	0	0	0	0	0	0	0	0	0	0	0	0	0	0	0	0	0	0	0	0	0	0	0	0	0	0	0	0	0	0	0	0	0	0	0	240	0	0	0	1288636
                  Ottowia sp. oral taxon 894	520	463	0	0	4589	0	0	270	0	0	0	1087	3437	445	0	536	0	9873	0	0	880	0	0	227	0	0	0	0	0	0	0	1094	0	0	0	0	0	676	0	1658672
                  Paraoerskovia marina	0	0	0	0	0	0	0	0	0	0	0	0	0	0	0	0	0	0	0	0	0	220	0	0	0	0	0	0	0	0	0	0	0	0	0	0	0	0	236	545619
                  Parascardovia denticolens	0	0	0	0	2409	0	0	0	0	0	0	0	0	0	0	0	0	0	120709	0	0	0	0	0	0	0	0	0	694	0	0	0	0	0	0	0	0	0	0	78258
                  Parolsenella catena	0	0	0	0	0	0	0	0	0	0	0	0	0	0	0	0	0	0	1674	0	0	0	0	0	0	0	0	0	0	0	0	0	0	1328	0	0	0	0	0	2003188
                  Parvimonas micra	22573	1832	7088	24497	15783	6294	20448	8428	5542	25981	0	1670	1683	3632	9799	778	4302	4505	610	0	12409	429	1360	0	0	1313	12979	1788	5665	0	1100	527	2180	0	1431	0	2309	498	280	33033
                  Peptoniphilus harei	0	0	0	0	0	0	0	310	0	0	0	0	0	0	0	0	0	0	0	0	0	0	0	0	0	0	0	0	0	0	0	0	0	0	0	0	0	0	0	54005
                  Peptostreptococcus anaerobius	386	0	0	0	0	0	0	0	0	0	0	0	0	310	0	0	0	0	0	0	0	0	0	0	0	0	0	0	0	0	0	0	0	0	0	0	0	0	0	1261
                  Propionibacterium acidifaciens	215	1948	807	702	42730	490	217	40155	429	40341	0	767	9305	2911	681	0	556	34081	262857	954	3520	1063	717	408	471	480	1800	291	177669	7120	49122	611	5576	0	592	1764	2897	1109	6303	556499
                  Propionibacterium australiense	0	0	0	441	905	0	0	1711	267	665	0	573	282	0	200	0	0	1460	1701	374	1169	508	0	0	238	0	605	0	4209	998	387	547	3046	9157	0	1419	1523	0	594	119981
                  Propionibacterium freudenreichii	0	0	215	390	315	0	0	0	0	0	0	289	0	0	0	0	0	370	0	0	290	263	0	0	0	0	0	0	259	674	0	749	278	0	0	555	200	0	0	1744
                  Pseudobutyrivibrio xylanivorans	0	0	0	0	0	0	0	0	0	0	0	0	0	0	0	0	0	0	0	0	0	0	299	0	0	0	0	650	0	0	0	0	457	0	0	0	0	0	0	185007
                  Pseudomonas aeruginosa	0	0	0	0	0	0	0	0	0	0	0	0	0	0	0	206	0	0	0	0	0	0	0	0	0	0	0	0	0	0	0	0	0	0	0	0	0	0	0	287
                  Pseudopropionibacterium propionicum	16528	5151	266635	299090	293971	20258	54463	87716	147380	26819	6255	184318	79213	1313	128906	15355	8746	6478	1284	107005	147890	46507	46346	181076	5557	8546	81297	21897	1221	0	26127	159071	11173	50572	95889	2498	25994	84559	158831	1750
                  Rathayibacter iranicus	0	0	0	0	0	0	0	0	0	0	0	0	0	0	0	0	0	0	0	0	0	0	0	0	0	0	0	0	0	0	0	0	0	0	0	203	0	0	0	59737
                  Roseburia hominis	0	0	0	0	0	0	0	300	0	0	0	0	0	0	0	0	0	0	0	0	0	0	0	0	0	0	0	0	0	0	0	0	0	0	0	0	0	0	0	301301
                  Roseburia intestinalis	0	0	0	0	0	0	0	714	0	335	0	0	0	0	0	0	0	0	0	0	0	0	354	0	0	0	0	868	0	0	592	0	398	0	0	0	0	0	0	166486
                  Rothia aeria	0	0	212	268	20952	0	1942	0	1983	402	12181	1306	504	0	0	29335	216	851	0	0	297	3696	0	263	456	2824	5500	0	0	317	1104	0	0	1051	383	10778	595	1125	2299	172042
                  Rothia dentocariosa	0	0	529	523	85955	723	4506	819	5424	1027	29720	13701	1162	229	0	64756	630	18474	3640	429	532	33038	894	472	18077	3489	13187	0	1260	970	2761	399	414	2843	646	83330	1400	2189	10315	2047
                  Rothia mucilaginosa	0	205	0	506	767	0	0	206	0	2649	2802	269	622	390	0	159235	0	573	6169	0	0	344	0	0	418	1266	1477	0	265	202	8179	371	246	4189	0	1989	0	414	5361	43675
                  Sanguibacter keddieii	0	0	0	0	0	0	0	0	0	0	0	0	0	0	0	0	0	0	0	0	0	248	0	0	0	0	0	0	0	205	0	0	0	0	0	380	0	0	321	60920
                  Scardovia inopinata	0	0	0	0	396	0	0	0	0	0	0	0	0	0	0	0	0	0	0	0	0	0	0	0	0	0	0	0	4662	0	0	0	0	0	0	0	0	0	0	78259
                  Schaalia cardiffensis	7945	0	329	381	457	207	0	0	236	4899	0	234	0	2620	2512	0	0	0	280	0	1492	425	0	0	0	290	0	6013	0	0	418	3139	0	0	870	447	0	0	386	181487
                  Schaalia meyeri	0	484	448	399	11806	578	658	750	256	347	0	503	1247	1299	511	293	0	0	0	910	1955	2000	334	0	0	2793	430	230	255	271	261	265	406	0	1285	1844	389	404	501	52773
                  Schaalia odontolytica	0	9331	1880	2692	1441	1178	3202	3040	344	2531	0	2114	2304	25231	9921	15595	1169	1987	356	1750	2068	18028	734	923	1947	183350	3137	1567	624	10875	2923	297	951	246	1242	5532	685	3284	1378	1660
                  Schaalia radingae	0	0	0	0	0	0	0	0	0	0	0	0	0	0	0	0	0	412	0	0	0	0	0	0	0	0	0	0	0	0	0	0	0	0	0	0	0	0	0	131110
                  Selenomonas ruminantium	0	290	0	0	0	0	0	201	0	410	330	0	356	0	235	0	0	0	1539	0	0	0	237	0	0	0	267	328	498	0	1517	256	0	479	0	0	390	0	0	971
                  Selenomonas sputigena	12128	145798	30029	36383	1541	25563	87305	46783	7314	100577	36298	6693	11060	120850	79113	616	18065	12681	126806	33566	13535	1550	34603	20388	294	871	7192	93667	45128	6284	127801	37374	154895	5211	5294	1866	75972	2039	115567	69823
                  Serinicoccus profundi	0	0	0	0	0	0	0	0	0	0	0	0	0	0	0	0	0	0	0	0	0	0	0	0	0	0	0	0	0	0	0	0	0	0	0	221	0	0	0	1078471
                  Sinomonas atrocyanea	0	0	0	0	0	0	0	0	0	0	0	0	0	0	0	0	0	0	0	0	0	250	0	0	0	0	0	0	0	0	0	0	0	0	0	206	0	0	314	37927
                  Slackia heliotrinireducens	0	0	0	0	0	0	0	0	0	0	0	0	0	0	0	0	0	0	842	0	0	0	0	0	0	0	0	0	0	0	0	0	0	474	0	0	0	0	0	84110
                  Stackebrandtia nassauensis	0	0	0	0	0	0	0	0	0	0	0	0	0	0	0	0	0	0	0	0	0	0	0	0	0	0	0	0	0	0	0	0	0	0	0	201	0	0	0	283811
                  Staphylococcus aureus	0	554	4135	0	0	0	4992	407	2519	1286	0	1798	1271	274	405	552	1457	0	428	3631	1649	2987	794	0	0	604	0	4527	0	889	724	2608	319	776	0	1158	2094	804	0	1280
                  Staphylococcus capitis	886	0	846	0	0	1298	1106	0	608	290	0	438	313	0	0	0	342	0	0	0	434	705	0	0	0	0	0	995	0	270	0	584	0	0	0	284	491	220	0	29388
                  Staphylococcus cohnii	0	0	0	0	0	0	0	0	0	0	0	0	0	0	0	655	0	0	0	0	0	0	0	0	0	0	0	0	0	0	0	0	0	0	0	0	0	0	0	29382
                  Staphylococcus epidermidis	0	0	0	0	0	0	0	0	0	0	0	0	0	0	253	307	0	0	204	0	0	0	435	0	0	332	0	0	0	560	350	0	0	0	0	0	911	426	0	1282
                  Streptococcus acidominimus	0	0	0	0	0	0	0	0	0	0	0	0	0	843	0	0	0	0	579	0	0	0	0	0	0	0	0	0	0	0	0	0	0	0	0	0	0	0	0	1326
                  Streptococcus agalactiae	689	0	0	394	0	0	0	253	0	363	0	0	0	1605	253	343	0	0	875	0	0	0	0	0	417	0	0	0	550	0	0	0	0	0	0	0	0	0	263	1311
                  Streptococcus australis	18854	2153	1111	5367	3592	1990	10852	388	2259	548	833	1575	699	9352	3930	14568	2576	0	1673	274	3739	1509	674	1632	4064	5143	4837	522	2707	722	3321	908	710	687	2787	1221	512	9781	3960	113107
                  Streptococcus canis	0	0	0	0	0	0	303	0	0	0	0	0	0	1210	0	0	0	0	883	0	0	0	0	0	0	0	0	0	0	0	0	0	0	0	0	0	0	0	0	1329
                  Streptococcus cristatus	52372	80445	21177	79742	50657	19549	170564	12656	30562	3988	9664	54480	7374	13640	36976	20141	7782	265	10502	25395	33679	106192	21124	28708	26459	33187	58963	2195	5307	11162	8277	33029	18815	51309	12686	4808	25768	21471	17831	45634
                  Streptococcus equinus	0	0	0	0	0	0	0	0	0	0	0	0	0	1322	0	702	0	0	1073	0	0	0	0	0	279	251	0	0	350	0	0	0	0	0	0	0	0	0	0	1335
                  Streptococcus ferus	261	246	0	0	0	0	413	0	0	0	0	0	0	514	0	0	0	0	376	0	0	0	0	0	0	0	0	0	0	0	0	0	0	0	0	0	0	0	0	1345
                  Streptococcus gallolyticus	0	0	0	230	0	0	257	0	0	0	0	0	0	1270	0	0	0	0	1601	0	0	217	0	0	0	0	0	0	266	0	0	0	0	0	0	0	0	0	0	315405
                  Streptococcus gordonii	20270	16362	21209	257601	106562	52596	34575	37614	13853	5167	59209	28966	2669	6351	12251	37670	3870	12366	5061	1530	6427	200541	3115	6051	123160	169991	19172	2161	27058	31130	2325	5008	12196	7638	1841	44371	1375	26814	101308	1302
                  Streptococcus gwangjuense	3655	435	248	989	1217	425	4688	0	328	0	0	274	0	1044	498	2513	307	0	863	0	518	711	0	204	1243	1188	1142	0	991	0	761	0	0	374	382	356	0	1264	497	1433513
                  Streptococcus halotolerans	0	0	0	0	0	0	0	0	0	0	0	0	0	1098	0	0	0	0	765	0	0	0	0	0	0	0	0	0	0	0	0	0	0	0	0	0	0	0	0	1814128
                  Streptococcus himalayensis	242	244	0	0	0	0	472	0	0	0	0	0	0	400	0	0	0	0	286	0	0	0	0	0	0	0	0	0	0	0	0	0	0	0	0	0	0	0	0	1888195
                  Streptococcus infantarius	0	0	0	0	0	0	0	0	0	0	0	0	0	609	0	0	0	0	449	0	0	0	0	0	0	0	0	0	0	0	0	0	0	0	0	0	0	0	0	102684
                  Streptococcus infantis	0	0	0	0	0	0	0	0	0	0	0	0	0	232	0	534	0	0	0	0	0	0	0	0	0	0	0	0	0	0	0	0	0	0	0	0	0	0	0	68892
                  Streptococcus iniae	0	0	0	0	0	0	409	0	0	0	0	0	0	887	0	0	0	0	659	0	0	0	0	0	0	0	0	0	0	0	0	0	0	0	0	0	0	0	0	1346
                  Streptococcus koreensis	420	0	0	1211	0	0	414	0	0	0	0	0	0	220	0	3658	0	0	0	0	0	0	0	233	538	683	1269	0	0	0	200	0	0	0	0	0	0	0	246	2382163
                  Streptococcus macedonicus	0	0	0	0	0	0	0	0	0	0	0	0	0	413	0	0	0	0	415	0	0	0	0	0	0	0	0	0	0	0	0	0	0	0	0	0	0	0	0	59310
                  Streptococcus marmotae	0	0	0	0	0	0	0	0	0	0	0	0	0	439	0	0	0	0	308	0	0	0	0	0	0	0	0	0	0	0	0	0	0	0	0	0	0	0	0	1825069
                  Streptococcus merionis	0	0	0	0	0	0	236	0	0	0	0	0	0	499	0	0	0	0	323	0	0	0	0	0	0	0	0	0	0	0	0	0	0	0	0	0	0	0	0	400065
                  Streptococcus milleri	4128	5410	675	7236	1622	5970	5468	1686	2871	5510	283	641	0	8109	3031	495	1285	5138	15117	664	2659	427	983	0	974	3113	3344	8413	23454	352	669	590	2260	728	771	203	301	1128	10186	33040
                  Streptococcus mitis	18214	1953	960	4150	5780	1781	24235	434	1377	717	691	1237	388	5439	2099	15163	1489	0	6192	222	1952	3425	851	1172	5866	4686	4661	396	6099	433	2695	521	824	888	1135	1852	299	5299	2131	28037
                  Streptococcus mutans	1016	330	218	1523	24904	201	1289	14169	278	360	191709	0	497	1712	1205	6683	0	10767	2330	819	925	320183	0	0	786	303	516	438	4445	1705	1760	372	13636	0	297	24461	0	0	12163	1309
                  Streptococcus oralis	95180	12958	6135	29794	20299	13957	59649	3108	11371	5479	5099	11187	3703	47120	17532	90596	14738	1078	15914	1231	19786	13464	4842	5654	57764	61628	10763	2983	28737	1738	26872	2165	3678	5132	9403	10340	2516	51276	14996	1303
                  Streptococcus pantholopis	0	0	0	0	0	0	0	0	0	0	0	0	0	363	0	0	0	0	320	0	0	0	0	0	0	0	0	0	0	0	0	0	0	0	0	0	0	0	0	1811193
                  Streptococcus parasanguinis	745	10656	235	970	1771	353	1256	2882	212	378	455	242	0	622	741	19240	0	0	1625	0	257	483	2904	321	1710	956	1228	2774	1901	360	14472	356	349	1009	0	0	0	573	1377	1318
                  Streptococcus parauberis	0	0	0	0	0	0	0	0	0	0	0	0	0	753	0	0	0	0	502	0	0	0	0	0	0	0	0	0	0	0	0	0	0	0	0	0	0	0	0	1348
                  Streptococcus pasteurianus	0	0	0	0	0	0	0	0	0	0	0	0	0	680	0	0	0	0	1118	0	0	0	0	0	0	0	0	0	0	0	0	0	0	0	0	0	0	0	0	197614
                  Streptococcus periodonticum	1844	6404	664	11262	320	4546	1589	3190	648	1292	0	380	0	7927	4528	421	3867	290	20863	726	1958	681	737	0	0	1295	617	5073	32502	202	588	1845	0	347	509	0	632	0	8739	2490633
                  Streptococcus pluranimalium	0	0	0	0	0	0	613	0	0	0	0	0	0	1472	0	224	0	0	1024	0	0	0	0	0	432	0	0	0	0	0	0	0	0	0	0	0	0	0	0	82348
                  Streptococcus pneumoniae	16047	1673	1399	4006	3139	1574	14082	607	1315	677	545	1273	347	5340	2154	10337	1458	0	3764	267	2172	2832	654	1216	5999	5217	2431	476	4640	3839	2677	651	599	859	1102	1003	300	5977	2979	1313
                  Streptococcus porcinus	564	0	0	941	0	0	549	0	0	0	0	0	0	1226	300	0	0	0	495	0	0	0	0	0	0	0	0	0	0	0	0	0	0	0	0	0	0	0	0	1340
                  Streptococcus pseudopneumoniae	2069	239	0	442	462	0	1826	0	0	0	0	0	0	630	227	1573	289	0	499	0	217	341	0	0	602	514	370	0	670	0	278	0	0	0	0	0	0	595	282	257758
                  Streptococcus pyogenes	1569	436	227	764	344	264	0	512	215	267	0	346	0	2404	658	219	0	0	1294	0	274	0	213	0	239	0	403	245	0	0	225	0	406	0	0	0	0	0	211	1314
                  Streptococcus respiraculi	206	0	0	0	0	0	302	0	0	0	0	0	0	430	0	0	0	0	246	0	0	0	0	0	0	0	0	0	0	0	0	0	0	0	0	0	0	0	0	2021971
                  Streptococcus salivarius	1898	1211	299	1831	1354	468	2506	1850	0	688	465	366	0	3788	699	22533	0	0	4151	0	495	2789	469	522	2154	807	596	928	5305	509	1725	535	3810	1008	217	1159	0	500	2357	1304
                  Streptococcus sanguinis	23426	36757	41669	60161	71347	15624	135217	6860	34309	7298	47723	46245	4256	6188	14448	207616	7488	2524	3540	2950	36758	64738	7027	11465	0	146131	40815	4584	9279	254820	4076	17310	54520	18113	8279	181698	3523	20583	62654	1305
                  Streptococcus sinensis	649	0	0	0	0	0	0	0	0	0	0	0	0	0	470	0	0	0	0	0	0	0	0	0	0	0	0	0	0	0	0	293	0	0	0	0	0	0	0	176090
                  Streptococcus sobrinus	0	268	0	395	0	216	251	5158	0	0	0	0	0	0	0	1273	0	0	1771	0	3019	0	0	0	292	379	0	0	27563	0	0	0	5714	0	0	0	0	0	0	1310
                  Streptococcus suis	1471	1541	453	666	595	326	2913	328	0	316	0	0	0	4121	745	1078	0	0	2829	425	599	755	235	0	736	583	478	242	764	0	264	390	228	0	0	0	0	388	687	1307
                  Streptococcus thermophilus	612	558	0	315	342	0	829	0	0	0	0	0	0	1537	284	1064	0	0	1894	0	0	1088	0	0	848	651	0	0	1357	0	0	0	1029	0	0	349	0	0	202	1308
                  Streptococcus troglodytae	0	0	0	0	0	0	0	0	0	0	1357	0	0	212	0	0	0	0	0	0	0	2584	0	0	0	0	0	0	0	0	0	0	0	1121	0	0	0	0	0	1111760
                  Streptococcus uberis	0	0	0	0	0	0	0	0	0	0	0	0	0	770	0	0	0	0	444	0	0	0	0	0	0	0	0	0	0	0	0	0	0	0	0	0	0	0	0	1349
                  Streptococcus urinalis	0	0	0	0	0	0	0	0	0	0	0	0	0	1170	0	0	0	0	663	0	0	0	0	0	0	0	0	0	0	0	0	0	0	0	0	0	0	0	0	149016
                  Streptococcus vestibularis	0	0	0	0	524	0	605	0	0	0	0	0	0	469	0	727	0	0	691	0	0	3161	0	0	1214	0	0	0	3405	0	0	0	2919	204	0	1818	0	0	0	1343
                  Streptomyces cattleya	0	0	0	0	0	0	0	0	0	0	0	0	0	0	0	0	0	202	0	0	0	0	0	0	0	0	0	0	0	0	0	0	0	0	0	0	0	0	0	29303
                  Streptomyces tsukubensis	0	0	0	0	0	0	0	0	0	0	0	0	0	0	0	0	0	371	0	0	0	0	0	0	0	0	0	0	0	0	0	0	0	0	0	0	0	0	0	83656
                  Streptomyces venezuelae	0	0	0	0	265	0	0	0	0	0	0	240	0	0	0	0	0	681	0	0	0	222	0	0	0	0	0	0	0	327	0	0	0	0	0	632	210	0	238	54571
                  Streptosporangium roseum	0	0	0	0	0	0	0	0	0	0	0	0	0	0	0	0	0	0	0	0	0	0	0	0	0	0	0	0	0	0	0	0	0	0	0	0	0	0	208	2001
                  Tessaracoccus aquimaris	0	0	0	0	0	0	0	0	0	0	0	0	0	0	0	0	0	0	0	0	0	0	0	277	0	0	0	0	0	0	0	223	0	0	0	0	0	0	0	1332264
                  Tessaracoccus flavescens	0	0	376	244	481	0	0	0	392	0	0	225	0	0	0	0	0	452	0	0	0	202	0	418	0	0	0	0	0	0	0	331	0	0	0	214	0	0	0	399497
                  Tessaracoccus flavus	0	0	286	0	0	0	0	0	298	0	0	0	0	0	0	0	0	0	0	0	0	0	0	295	0	0	0	0	0	395	0	299	0	0	0	0	0	0	0	1610493
                  Treponema sp. OMZ 804	757	1035	594	2959	693	1865	582	228	223	2136	0	476	424	444	436	0	1564	2017	0	0	2444	535	808	0	0	0	387	593	2573	0	384	701	0	0	0	0	633	701	2429	120683
                  Treponema sp. OMZ 838	893	630	1272	1451	437	963	566	0	0	1213	0	0	0	469	734	0	252	873	0	0	2893	302	551	0	0	0	243	604	1539	0	353	680	0	0	0	0	220	839	429	1539298
                  Trueperella bialowiezensis	0	0	0	0	0	0	0	0	0	0	0	0	0	0	0	0	0	0	0	0	0	0	0	0	0	0	0	0	0	0	0	0	0	0	0	0	0	0	206	312285
                  Trueperella pyogenes	0	0	0	0	0	0	0	0	0	0	0	0	0	0	0	0	0	0	0	0	0	440	0	0	0	0	0	0	0	0	0	0	0	0	0	216	0	0	537	1661
                  Tsukamurella paurometabola	0	0	0	0	0	0	0	0	0	0	0	0	0	0	0	0	0	0	0	0	0	0	0	0	0	0	0	0	0	0	0	0	0	0	0	297	0	0	0	2061
                  Veillonella atypica	0	90656	823	9310	1989	2471	46136	25313	1717	34187	1957	1759	1617	178882	12997	8650	73549	4138	70460	1711	1035	5524	22097	1296	1607	6803	766	22673	22129	1628	79649	573	38331	3296	637	2281	12821	1748	21940	39777
                  Veillonella denticariosi	0	0	0	0	310	0	0	0	0	0	0	0	0	0	0	320	0	222	0	0	0	209	0	0	0	0	0	0	0	0	0	0	0	0	0	0	0	0	0	419208
                  Veillonella dispar	336	13637	2399	17527	5932	9704	5224	28081	6294	7005	8105	3291	5942	11117	2599	39675	15843	14055	5743	6276	3030	21925	5027	6113	8200	28556	2601	2637	6433	7636	10931	0	15964	2005	2082	8255	3883	3927	14986	39778
                  Veillonella parvula	8066	194814	25402	462456	123102	264393	84075	0	162430	144394	195766	86265	149282	19224	30963	232600	285294	0	25882	171690	87577	0	115773	140003	168742	0	55018	31567	101496	182733	123667	2208	400950	39379	49674	249861	88843	66841	367844	29466
                  Veillonella rodentium	0	3158	691	5209	67979	2885	1537	8183	1519	1716	2946	11631	5616	1859	1424	69258	3872	38570	1278	2179	927	31773	3462	1504	1467	6444	779	589	3606	2752	2969	0	8852	19951	717	2515	1119	875	3771	248315
                  Waddlia chondrophila	0	0	0	298	395	288	212	0	0	0	0	0	0	0	0	0	0	258	0	208	0	0	0	0	348	0	239	203	699	0	0	0	0	0	0	0	0	0	232	71667
                  Xylanimonas allomyrinae	0	0	0	0	236	0	0	0	0	0	0	263	0	0	0	0	0	0	0	0	0	338	0	0	0	0	0	0	0	203	0	0	0	0	0	510	0	0	383	2509459
                  Xylanimonas cellulosilytica	0	0	0	0	0	0	0	0	0	0	0	0	0	0	0	0	0	0	0	0	0	289	0	0	0	0	0	0	0	318	0	0	0	0	0	287	0	0	403	186189
                [Haemophilus] ducreyi	0	0	0	0	0	0	0	299	0	0	0	0	0	0	0	425	0	0	0	0	0	0	0	0	0	0	0	0	0	0	0	0	0	0	0	0	0	0	0	730
                Achromobacter xylosoxidans	0	0	0	0	0	0	0	0	0	0	0	0	0	0	0	201	0	0	0	0	0	0	0	0	0	0	0	0	0	0	0	0	0	0	0	0	0	0	0	85698
                Actinobacillus equuli	0	0	0	0	0	0	0	0	0	0	0	0	0	0	0	428	0	0	0	0	0	0	0	0	0	0	0	0	0	0	0	0	0	0	0	0	0	0	0	718
                Actinobacillus indolicus	0	0	0	0	0	0	0	0	0	0	0	0	0	0	0	280	0	0	0	0	0	0	0	0	0	0	0	0	0	0	0	0	0	0	0	0	0	0	0	51049
                Actinobacillus pleuropneumoniae	0	0	0	0	0	0	0	0	0	0	0	0	0	0	0	351	0	0	0	0	0	0	0	0	0	0	0	0	0	0	0	0	0	0	0	0	0	0	0	715
                Actinobacillus porcitonsillarum	0	0	0	0	0	0	0	0	0	0	0	0	0	0	0	861	0	0	0	0	0	0	0	0	0	0	0	0	0	0	0	0	0	0	0	0	0	0	0	189834
                Actinobacillus succinogenes	0	0	0	0	0	0	358	0	0	0	0	0	0	0	0	0	0	0	0	0	0	0	0	0	0	0	0	0	0	0	0	0	0	0	0	0	0	0	0	67854
                Actinobacillus suis	0	0	0	0	0	0	0	0	0	0	0	0	0	0	0	262	0	0	0	0	0	0	0	0	0	0	0	0	0	0	0	0	0	0	0	0	0	0	0	716
                Aggregatibacter actinomycetemcomitans	3220	416	261	489	2924	0	1165	0	839	309	0	207	1318	1003	0	970	436	0	0	0	1445	403	205	296	0	399	665	0	0	554	0	0	0	0	655	0	0	1001	708	714
                Aggregatibacter aphrophilus	35115	3763	1986	7363	2259	2212	28573	300	7597	2410	902	2591	7552	11141	1735	17662	3490	0	1772	638	17696	1088	1687	3188	3705	4245	4279	0	0	389	1343	719	335	1150	5317	826	246	11893	4708	732
                Aggregatibacter segnis	141764	11623	886	14479	1617	5052	6370	432	22932	6832	772	1975	23501	49185	6759	8072	7619	0	3300	889	54224	1109	3272	6324	479	10216	7015	0	0	0	1763	2038	403	1420	13422	485	295	28798	6715	739
                Alcanivorax pacificus	0	0	0	0	0	0	0	0	0	0	0	0	0	0	0	485	0	0	0	0	0	0	0	0	0	0	0	0	0	0	0	0	0	0	0	0	0	0	0	1306787
                Avibacterium volantium	0	0	0	0	0	0	242	0	0	0	0	0	0	0	0	0	0	0	0	0	0	0	0	0	0	0	0	0	0	0	0	0	0	0	0	0	0	0	0	762
                Bibersteinia trehalosi	0	0	0	0	0	0	0	0	0	0	0	0	0	0	0	296	0	0	0	0	0	0	0	0	0	0	0	0	0	0	0	0	0	0	0	0	0	0	0	47735
                Bordetella petrii	0	0	0	0	0	0	0	0	0	0	0	0	0	0	0	469	0	0	0	0	0	0	0	0	0	0	0	0	0	0	0	0	0	0	0	0	0	0	0	94624
                Candidatus Gracilibacteria bacterium HOT-871	0	0	0	0	0	0	0	0	0	0	0	0	0	0	0	0	0	0	0	0	222	0	0	0	0	0	0	0	0	0	0	496	0	296	0	0	0	1372	0	1540872
                Cardiobacterium hominis	8050	1186	25668	7308	8822	4726	43956	6525	52214	1359	8573	34599	28979	0	881	12185	6088	27223	11490	18722	33165	86240	4242	119642	397	21540	129241	3250	375	485	15255	28227	6724	24514	24739	13974	7135	187886	19572	2718
                Eikenella corrodens	22809	8666	7119	9033	13664	5072	11594	2602	6982	1274	6922	7378	14294	6422	522	34474	802	6130	2788	1514	5234	1807	2124	11255	6135	11461	23109	1279	0	47082	1290	2108	2539	5067	6194	2497	248	15943	8579	539
                Eikenella exigua	2418	1371	1022	1067	10421	768	1683	324	1225	211	986	1413	1880	1007	0	5514	0	1051	397	0	1035	532	390	1243	1051	1933	3644	0	0	6761	231	371	374	792	1860	426	0	2446	1467	2528037
                Escherichia coli	412	0	0	0	0	487	510	0	0	286	0	0	0	0	0	286	0	326	0	278	0	353	0	0	586	0	585	339	0	0	0	214	0	0	0	0	0	258	0	562
                Fretibacterium fastidiosum	20714	8707	6599	6619	4801	5087	10982	7037	749	10102	0	673	864	15710	41866	214	2410	11387	0	0	4901	342	718	0	0	0	0	5798	1774	0	921	38391	0	0	1672	0	869	1664	2339	651822
                Fusobacterium hwasookii	598	427	7478	20518	3488	933	17937	646	2271	392	329	4679	1001	0	1372	0	0	248	0	342	5233	910	1742	4268	617	2480	2056	2767	277	397	3345	919	961	663	2311	0	771	6190	895	1583098
                Fusobacterium necrophorum	982	0	376	912	459	0	586	1280	244	281	0	0	0	377	818	0	0	0	0	0	426	0	282	0	0	0	0	528	0	0	289	200	407	0	0	0	0	224	0	859
                Fusobacterium nucleatum	4620	4355	29071	115793	102162	18208	38551	19822	20919	10737	3243	42859	10407	1367	12528	364	4702	10894	633	6700	97130	37428	13843	53914	8006	37423	145695	29387	22495	7180	19430	5919	16255	5851	45186	2662	24136	61669	36322	851
                Fusobacterium periodonticum	0	0	288	1556	231	0	555	0	219	0	0	539	0	0	204	0	0	0	0	0	1154	0	251	268	0	1185	286	374	0	0	379	0	0	0	268	0	0	536	0	860
                Fusobacterium pseudoperiodonticum	563	1005	3260	15992	2780	1123	5997	1351	1898	447	0	4274	523	460	2071	626	0	0	0	0	12909	881	2085	2337	874	12290	1973	3249	383	273	2793	714	826	374	2593	0	539	4670	917	2663009
                Glaesserella parasuis	0	0	0	0	0	0	0	0	0	0	0	0	0	0	0	423	0	0	0	0	0	0	0	0	0	0	0	0	0	0	0	0	0	0	0	0	0	0	0	738
                Haemophilus haemolyticus	3249	0	0	555	371	200	1499	0	457	215	0	0	306	362	0	24415	0	0	212	0	779	221	0	467	1724	944	748	0	0	0	0	0	0	0	452	315	0	851	580	726
                Haemophilus influenzae	5020	204	227	535	253	296	1442	464	714	357	235	0	354	1337	0	13774	310	0	0	0	1346	212	207	451	1361	1063	946	0	0	427	0	0	0	0	495	452	0	1205	687	727
                Haemophilus parahaemolyticus	0	0	0	0	0	0	203	0	0	0	0	0	0	0	0	3700	0	288	0	0	0	0	0	0	0	0	241	0	0	0	0	0	0	0	0	0	0	0	211	735
                Haemophilus parainfluenzae	10182	821	863	3965	5356	5343	12207	2484	1868	4185	6183	1731	1478	850	200	345232	2114	599	1209	258	3667	8528	330	3092	91029	45769	20829	218	222	1528	916	0	981	331	1156	16338	0	19683	7147	729
                Haemophilus pittmaniae	745	0	0	0	0	0	513	0	0	0	0	0	0	0	0	5061	0	0	0	0	400	0	0	0	1301	673	399	0	0	0	0	0	0	0	0	234	0	444	252	249188
                Histophilus somni	0	0	0	0	0	0	432	0	0	0	0	0	0	0	0	289	0	0	0	0	0	0	0	0	0	0	0	0	0	0	0	0	0	0	0	0	0	0	0	731
                Kingella kingae	0	1748	0	0	0	0	1112	264	582	0	569	227	0	0	0	1365	0	616	0	0	233	494	0	598	583	362	978	0	0	1630	200	0	394	368	652	1390	0	405	740	504
                Klebsiella pneumoniae	0	717	0	0	0	0	0	382	0	0	294	0	0	327	508	620	0	0	734	0	0	0	0	205	0	0	0	0	0	0	822	0	371	0	212	0	0	0	0	573
                Lautropia mirabilis	17237	4579	23424	24786	17031	4490	127776	1519	77108	59545	112635	76768	10106	0	385	271222	7997	64269	4086	1064	77953	102696	9902	57236	0	11225	36108	3902	5348	112982	7809	10849	6169	19513	1484	114313	1683	38649	155718	47671
                Leptotrichia buccalis	398	6226	36672	28336	673	10090	12357	6079	17668	1160	555	29626	10240	434	8831	0	5683	324	0	3939	32652	5045	8277	19492	0	2258	7811	16435	4057	352	9915	51381	3552	19331	33849	967	1437	2919	2823	40542
                Leptotrichia goodfellowii	818	0	341	1519	321	0	1052	0	5650	250	0	4670	822	0	202	0	775	206	0	496	7614	277	397	266	0	1259	44968	395	0	338	971	902	203	1615	3324	0	456	1365	2570	157692
                Leptotrichia hofstadii	0	1807	6382	21711	2462	3329	15223	5925	15479	2816	829	76020	2627	0	2261	0	7637	962	347	13414	38330	28339	16091	21084	0	4156	81152	6345	1729	549	9506	7541	6621	23974	47036	2810	1450	5192	10740	157688
                Leptotrichia hongkongensis	0	814	3233	9757	2870	1322	4482	2474	4536	1654	2275	50516	1037	0	1131	343	2059	3800	214	4494	8722	33070	8214	4535	0	3120	19765	3423	1216	1488	5930	4428	9397	56082	10764	12860	728	1305	4077	554406
                Leptotrichia shahii	0	1008	1823	3290	302	985	1414	3567	1796	1649	1261	6290	747	0	1019	0	393	0	0	13935	2299	2903	6384	2961	0	685	2225	12586	3857	216	13228	3416	17770	12852	2855	384	521	521	760	157691
                Leptotrichia trevisanii	438	1817	9338	25694	2074	3004	12192	3894	9172	1716	1051	34146	2253	276	3626	0	2278	931	217	5274	12639	11508	7951	7987	0	2667	15248	10271	4616	892	8807	19623	5595	21842	16418	3117	834	2183	3274	109328
                Leptotrichia wadei	249	9445	5004	12607	4160	10935	5248	44976	15568	18905	15305	44275	4167	440	8150	0	2528	706	1421	42404	6789	34380	55392	17532	0	4015	11612	164807	47141	1718	152379	10649	60159	80908	13098	2420	7766	4065	5654	157687
                Mannheimia granulomatis	0	0	0	0	0	0	0	0	0	0	0	0	0	0	0	418	0	0	0	0	0	0	0	0	0	0	0	0	0	0	0	0	0	0	0	0	0	0	0	85402
                Mannheimia varigena	0	0	0	0	0	0	0	0	0	0	0	0	0	0	0	545	0	0	0	0	0	0	0	0	0	0	0	0	0	0	0	0	0	0	0	0	0	0	0	85404
                Massilia flava	0	0	0	0	0	0	0	0	0	0	0	0	0	0	0	0	0	524	0	0	0	0	0	0	0	0	0	0	0	0	0	0	0	0	0	0	0	0	0	871742
                Neisseria animalis	0	463	0	0	0	0	719	0	263	0	243	0	0	0	0	2493	0	0	0	0	0	0	0	586	322	0	707	0	0	531	0	0	0	205	374	319	0	367	807	492
                Neisseria animaloris	0	412	0	0	0	0	545	0	0	0	0	0	0	0	0	1586	0	0	0	0	0	0	0	378	248	0	467	0	0	447	0	0	0	0	291	243	0	253	480	326522
                Neisseria brasiliensis	0	390	0	0	0	0	711	0	210	0	214	0	0	0	0	2898	0	0	0	0	0	0	0	669	250	0	737	0	0	425	0	0	0	0	263	266	0	340	602	2666100
                Neisseria canis	0	340	0	0	0	0	450	0	0	0	0	0	0	0	0	1625	0	0	0	0	0	0	0	386	267	0	421	0	0	413	0	0	0	0	233	331	0	209	392	493
                Neisseria chenwenguii	0	725	0	0	0	0	1160	0	335	0	265	210	0	0	0	3154	0	294	0	0	322	217	0	617	606	0	1107	0	0	540	0	0	0	322	435	443	0	599	1008	1853278
                Neisseria cinerea	218	1099	510	368	435	388	5753	454	680	0	763	253	607	0	0	14298	0	0	253	220	829	0	0	3830	0	0	3836	0	0	1569	0	0	0	217	756	304	0	2204	3931	483
                Neisseria elongata	2214	49840	4485	6737	21237	4120	80479	16004	10744	2077	4896	4655	9732	33897	308	160168	3750	3879	38655	43981	53246	2402	759	165168	2529	62300	188439	973	1002	0	2340	5400	2058	5230	81643	3214	315	105079	168217	495
                Neisseria flavescens	0	4905	533	323	1180	2154	3930	581	3771	378	867	213	6825	217	0	91061	0	217	844	469	4889	250	0	39867	233	0	10850	0	0	1652	250	0	0	354	6131	441	0	5665	3693	484
                Neisseria gonorrhoeae	548	882	692	1026	1424	845	4163	391	922	232	447	390	774	227	0	10983	217	659	338	3229	856	502	0	2849	1639	0	3841	497	0	2057	217	355	288	365	926	418	237	2035	3433	485
                Neisseria lactamica	367	1632	554	494	807	328	4244	705	1070	0	870	331	796	495	0	17704	0	220	412	520	1137	217	0	4780	340	0	5762	0	0	3648	0	0	218	401	1303	519	0	2873	5781	486
                Neisseria meningitidis	459	4700	1607	1541	2023	1254	15465	1890	2920	449	2168	1097	2717	726	0	61754	480	480	1164	982	3423	572	0	18569	531	0	14555	0	365	5977	383	324	726	1261	4323	1464	0	8334	14241	487
                Neisseria mucosa	7808	35073	25605	35550	16582	21866	0	44283	18196	6092	22230	14085	6606	2030	228	533257	5129	2781	4323	2054	20427	5612	884	109342	1376	0	277283	1159	2486	25917	2798	1204	9039	3979	14990	19083	363	159069	320466	488
                Neisseria perflava	0	0	0	0	0	0	0	0	0	0	0	0	0	0	0	390	0	0	0	0	0	0	0	0	0	0	0	0	0	0	0	0	0	0	0	0	0	0	0	33053
                Neisseria pharyngis	0	0	0	0	0	0	0	0	0	0	0	0	0	0	0	392	0	0	0	0	0	0	0	0	0	0	0	0	0	0	0	0	0	0	0	0	0	0	0	29434
                Neisseria polysaccharea	0	651	257	256	307	0	2020	239	409	0	338	0	333	0	0	7882	0	0	0	0	516	0	0	1996	0	0	2114	0	0	1515	0	0	0	227	533	0	0	1008	2169	489
                Neisseria sicca	0	0	0	0	0	0	0	0	0	0	0	0	0	0	0	587	0	0	0	0	0	0	0	0	0	0	0	0	0	0	0	0	0	0	0	0	0	0	0	490
                Neisseria subflava	559	19931	1704	1601	4846	10035	18634	2333	16063	1557	2372	993	31319	775	0	361599	756	1155	2662	2216	22603	590	420	176491	633	0	50859	0	288	8569	975	771	535	1249	26534	1370	277	24166	15203	28449
                Neisseria weaveri	0	280	0	0	0	0	471	0	0	0	0	0	0	0	0	1256	0	0	0	0	0	0	0	347	0	0	422	0	0	279	0	0	0	0	0	0	0	261	405	28091
                Neisseria zalophi	0	0	0	0	0	0	306	0	0	0	0	0	0	0	0	777	0	0	0	0	0	0	0	0	0	0	216	0	0	0	0	0	0	0	0	0	0	0	223	640030
                Neisseria zoodegmatis	0	338	0	0	0	0	492	0	0	0	0	0	0	0	0	1500	0	0	0	0	202	0	0	316	269	0	511	0	0	323	0	0	0	0	245	267	0	200	464	326523
                Otariodibacter oris	0	0	0	0	0	0	0	0	0	0	0	0	0	0	0	263	0	0	0	0	0	0	0	0	0	0	0	0	0	0	0	0	0	0	0	0	0	0	0	1032623
                Pasteurella multocida	4175	585	3779	6093	0	5450	4819	365	2939	1186	264	1829	1539	515	436	1005	1661	5072	854	3467	1872	2654	846	0	5961	667	4982	4261	0	877	716	2365	293	708	288	1189	1986	965	4738	747
                Ralstonia pickettii	0	0	0	0	0	0	0	0	0	0	0	0	0	0	0	0	0	514	0	0	0	0	0	0	0	0	0	0	0	0	0	0	0	0	0	0	0	0	0	329
                Ralstonia solanacearum	0	1677	0	0	0	0	0	1003	0	0	559	0	2388	543	798	1158	3391	0	948	0	0	0	2450	432	0	1884	0	0	0	0	2194	0	833	2282	528	2997	0	2604	0	305
                Rodentibacter pneumotropicus	0	0	0	0	0	0	219	0	0	0	0	0	0	0	0	0	0	0	0	0	207	0	0	0	0	0	0	0	0	0	0	0	0	0	0	0	0	0	0	758
                Simonsiella muelleri	0	234	0	0	0	0	0	0	0	0	0	0	0	0	0	616	0	0	0	0	0	0	0	0	0	230	397	0	0	303	0	0	0	0	226	394	0	0	269	72
                Sneathia amnii	0	0	0	0	0	0	0	0	0	383	0	0	0	0	0	0	0	0	0	0	0	0	0	0	0	0	0	447	0	0	283	0	0	0	0	0	0	0	0	187101
                Streptobacillus moniliformis	285	0	0	0	0	0	0	0	0	0	0	0	0	0	0	0	0	0	0	0	0	0	0	0	0	0	0	0	0	0	0	0	0	0	0	0	0	0	0	34105
                Treponema denticola	2155	863	496	4314	3065	1463	1045	0	0	286	0	0	0	0	873	0	882	1396	0	0	1223	0	512	0	0	0	0	781	759	0	350	1303	0	0	0	0	335	283	0	158
                Treponema phagedenis	0	0	0	0	0	0	0	0	0	0	0	0	0	354	201	0	0	0	0	0	0	0	0	0	0	0	0	0	0	0	0	0	0	0	0	0	0	0	0	162
                Treponema putidum	749	0	0	990	907	411	254	0	0	0	0	0	0	0	425	0	0	286	0	0	306	0	0	0	0	0	0	244	466	0	0	379	0	0	0	0	0	0	0	221027
                Variovorax paradoxus	0	0	0	0	0	0	0	0	0	0	0	0	0	0	0	207	0	0	0	0	0	0	0	0	0	0	0	0	0	0	0	0	0	0	0	0	0	0	0	34073
              Candidatus Saccharibacteria bacterium FS05P-B	2707	8023	1865	15225	1167	4634	4550	460	3701	4500	0	6910	8833	6149	7299	0	398	348	1942	3205	10762	0	300	8607	0	228	1059	1283	0	1555	1396	925	1017	0	6727	0	8634	3333	1545	2699178
              Candidatus Saccharibacteria bacterium FS07P-B	2781	7937	2061	30759	1158	4342	4446	437	3554	3694	0	6410	8767	6697	7681	0	354	459	2058	2979	9833	0	295	8585	0	235	1782	851	0	1578	1516	956	1007	0	6936	0	8643	3344	1412	2699179
              Candidatus Saccharibacteria bacterium FS13P	1783	5003	1352	9923	732	2847	2909	335	2300	1889	0	4417	5749	4218	6701	0	0	293	1348	3160	6876	0	0	5480	0	0	708	537	0	1304	816	533	477	0	3883	0	4962	3113	971	2699180
              Candidatus Saccharibacteria bacterium FS14P	6888	617	2095	1758	0	1012	3075	255	438	1863	0	2063	5585	827	10959	0	0	0	0	410	3872	0	0	1173	0	0	1299	459	0	239	415	596	220	0	2290	0	887	914	732	2699181
              Candidatus Saccharibacteria bacterium FS15P	1778	5461	2651	10010	873	3501	3232	387	2954	2673	0	5336	6318	4843	7842	0	265	248	1329	3866	7226	250	353	5911	0	0	1084	658	0	5373	1320	893	700	0	4147	0	5611	3535	1090	2699182
              Candidatus Saccharibacteria bacterium FS17P	6587	1061	2263	2033	0	928	2859	281	430	1352	0	1958	6005	966	11869	0	0	0	299	344	3763	0	0	1129	0	0	719	578	0	231	607	449	386	0	2277	0	1556	856	544	2699183
              Candidatus Saccharibacteria bacterium GW2011_GWC2_44_17	0	0	0	0	0	255	0	0	0	454	0	0	351	216	0	0	0	0	0	0	494	0	0	237	0	0	245	0	0	0	0	0	0	0	0	0	0	0	0	1619070
              Candidatus Saccharibacteria bacterium RAAC3_TM7_1	0	0	0	276	0	454	209	0	0	655	0	0	600	279	0	0	0	0	0	0	412	0	0	225	0	0	453	0	0	0	0	0	0	0	0	0	232	0	217	1394711
              Candidatus Saccharimonas aalborgensis	207	271	0	319	0	843	0	0	0	1276	0	0	1072	515	288	0	0	0	0	0	359	0	0	553	0	0	792	331	0	0	372	0	223	0	481	0	272	0	385	1332188
            Candidatus Saccharibacteria genomosp. TM7-H1	0	0	0	251	0	0	0	0	0	423	0	0	272	243	0	0	0	0	0	0	0	0	0	0	0	0	0	0	0	0	0	0	0	0	0	0	231	0	201	2080739
            TM7 phylum sp. oral taxon 488	2173	6396	1824	12666	1077	3828	3644	417	3266	4513	0	6789	7432	5587	5867	0	338	355	1716	2402	9560	0	232	6727	0	0	1075	941	0	1303	1370	951	945	0	5530	0	7558	2665	1351	713059
            TM7 phylum sp. oral taxon 955	5990	615	1966	2593	0	950	2867	232	398	787	0	2165	5083	689	9721	0	0	0	365	582	3564	0	0	1256	0	0	508	223	0	0	419	317	265	0	2150	0	1417	809	532	2572087
            TM7 phylum sp. oral taxon 957	1603	5245	1088	9694	491	4293	3480	1357	2361	4587	0	4745	10782	7521	4812	0	472	255	1415	1956	9236	0	247	5914	0	0	1414	1156	0	2016	1664	869	1142	0	5324	0	6476	2949	1837	2572088
        uncultured bacterium	5483	4012	4890	10298	12790	8523	7519	12004	4926	4744	1815	3354	3575	2980	2504	8755	4226	8057	0	5205	4317	7390	3064	2634	8738	4849	9043	7224	0	3882	5829	4027	5714	2489	3376	3632	3679	3062	9907	77133
